22.7161
26.4301
27.0035
22.4491
24.385
23.0587
21.3959
23.7439
21.6314
19.9403
23.4047
21.0641
19.9276
21.6166
20.6286
19.6412
22.3732
21.7228
20.7614
22.0215
19.4201
19.0119
20.1814
19.6458
20.9583
19.0523
19.0535
19.1074
17.8684
19.1262
17.8695
19.3614
17.0915
18.9218
16.9428
17.2294
17.6413
16.628
16.9325
16.3366
16.5775
16.092
16.056
16.9412
16.6519
15.9827
16.0403
15.8497
15.6094
15.1335
15.2039
16.4945
15.4023
16.2115
15.8453
13.9025
14.4967
15.1581
13.5124
14.8311
14.0878
14.6621
13.528
12.9405
13.9502
12.7549
13.2174
12.9467
12.4472
13.1663
12.2525
12.4889
13.1124
11.5555
11.6636
13.0504
11.069
11.8064
10.8611
10.7666
10.6959
10.5207
10.4798
10.7296
10.8064
10.153
10.5222
10.7308
9.7188
9.8795
10.2343
11.1287
10.8113
10.7133
10.0249
9.8284
9.6323
10.9889
9.7602
9.7888
10.6155
9.6967
9.891
10.257
9.7342
9.6888
9.981
10.6726
9.7355
9.7249
11.2705
10.4186
10.3956
11.0122
11.9553
13.7452
12.5351
11.2771
11.0966
11.1382
11.5289
11.9822
11.2928
11.419
11.815
11.3426
10.94
11.3498
11.052
10.6082
11.0769
10.2874
10.2768
10.5427
9.6504
9.7321
9.7134
10.7125
9.562
9.5495
10.1679
10.0053
10.829
10.4967
10.7587
10.3358
9.9158
11.074
9.9884
9.9776
10.5339
10.058
9.9079
10.2173
9.6006
9.6378
9.8267
10.8171
9.7239
9.704
10.4548
9.623
9.7379
9.7843
9.5815
9.7206
9.6063
10.8662
10.1581
10.2546
10.5261
9.6241
9.8153
10.1271
9.6438
10.1817
10.1844
10.9479
10.3172
10.077
10.6662
10.1488
10.1481
10.3011
10.4
10.0498
10.5075
10.1958
9.9854
10.0767
10.9952
10.3512
10.0266
10.7395
9.7434
9.6251
10.0135
9.7277
9.688
10.0439
10.6728
10.1706
10.117
10.6297
9.7497
9.8901
10.0414
9.849
9.7126
10.1335
10.758
9.669
10.0962
10.9585
9.6423
9.5484
9.9176
9.7666
9.7948
9.6889
11.0306
9.819
9.6864
10.2345
10.0163
10.1825
10.3049
9.9785
10.1503
10.337
11.2543
10.4168
10.5526
11.1271
9.6894
9.9817
10.2576
9.7398
9.5764
9.8271
9.7838
10.3516
10.3739
11.2037
10.1957
9.9169
10.7257
9.8358
10.2221
10.7766
9.8585
10.125
10.553
10.2477
9.9512
9.7429
11.0158
9.7964
10.3333
10.6431
9.7615
9.7211
10.1652
9.6743
9.4993
9.6113
10.4757
9.6581
9.6614
10.4268
9.6665
9.6614
9.8587
10.2006
10.534
10.4092
11.0636
10.1855
9.7705
10.7248
9.9403
10.3388
11.286
11.4728
11.1484
10.7503
10.3557
10.268
10.5358
10.1958
9.9269
9.939
10.8561
10.3512
9.7102
10.7918
9.7455
9.9993
12.7907
10.8553
10.4391
10.7412
10.3031
10.0407
10.2388
10.1039
9.691
9.6636
12.025
10.6254
10.3454
10.3659
11.1885
10.3497
10.487
11.1544
10.1587
10.0573
10.7679
9.9213
9.7547
10.684
11.3722
11.2769
11.6041
11.4552
11.115
11.224
11.1237
11.0169
11.3732
11.2834
10.3852
10.8076
10.1332
10.2564
10.3944
10.2317
9.9496
10.3424
10.0195
10.2296
10.3435
10.7923
10.2298
9.7849
10.4072
9.6729
9.6322
10.4525
10.0957
10.4043
9.8927
11.1069
10.1339
9.9405
10.9889
10.4501
10.2879
11.1449
10.7231
10.482
10.8431
10.2778
10.3621
10.6149
10.2861
10.6649
11.8894
11.6926
11.6
11.628
6.2875
6.3379
6.3667
6.5311
7.9903
7.9579
6.036
6.3453
6.4493
7.2336
6.2127
6.3458
6.8414
6.98
6.8045
6.3176
6.0534
5.9418
6.6049
6.2029
6.1546
6.5005
6.1129
6.5208
6.8903
7.6269
6.4575
6.2428
6.4672
6.5387
7.7235
6.3541
6.0626
6.5802
6.6947
8.7623
6.234
6.9706
6.1031
6.2035
7.5961
6.4327
6.8302
7.5539
9.109
11.1102
10.4951
10.6144
10.317
10.3938
11.7314
11.0322
11.4066
11.2897
11.4656
11.1884
11.1855
10.4317
10.3866
10.4031
10.1877
10.2453
10.2949
11.1642
9.6856
9.7398
10.5089
9.5603
9.6725
10.5566
10.0172
10.7929
10.3913
11.0797
10.2955
10.4431
10.9424
10.1701
9.9859
10.9343
10.4746
10.3595
10.1727
9.6267
9.7426
9.6348
11.0857
9.7543
9.8374
10.5747
10.0288
9.9827
10.5059
11.4665
11.654
12.0492
11.1452
11.0253
11.2313
10.4579
10.0328
10.6022
9.6661
9.6651
9.6408
11.0226
9.5614
9.8904
11.1991
10.2455
10.3559
10.5435
9.8825
10.1474
10.0968
10.3097
10.2369
10.6915
11.3789
10.4996
10.6193
11.1246
10.1177
9.8196
10.5604
10.1424
10.0046
10.9337
10.9396
10.7881
10.5983
10.301
10.0986
9.9551
10.7124
9.6755
9.6802
10.6815
9.9834
9.5722
10.3141
9.9822
9.6621
10.0296
11.014
9.7513
9.7864
10.8758
9.8853
10.0479
10.1497
9.564
9.7466
9.8075
10.769
9.9397
10.2661
10.8622
9.5954
9.6647
10.2762
9.649
9.664
9.6524
9.7143
9.6873
9.5094
10.5451
9.9041
9.857
10.1007
9.7233
9.9001
10.3996
11.3371
10.6176
10.5247
11.3794
11.2846
10.7053
11.3744
11.2435
11.1869
11.1591
10.6927
11.0613
11.4135
11.4958
10.6917
10.7668
10.3973
11.1611
11.7893
12.0485
10.9001
9.0244
6.5914
7.1292
7.142
9.7277
6.3465
6.0552
5.819
6.0525
6.5489
6.8121
7.292
6.7829
6.7282
7.5553
6.9663
6.0052
6.2484
6.3706
6.171
6.2281
6.091
7.3355
6.7955
6.1025
5.879
5.8619
6.2883
6.1369
5.9977
6.3132
6.5155
6.2156
6.1397
6.7068
6.7101
6.9123
6.6235
6.8002
7.3695
7.9091
7.0111
6.718
6.3449
6.1728
6.1924
6.1384
6.3425
6.319
6.7351
6.1848
6.6084
6.3005
7.6873
6.2065
6.298
6.1873
6.5447
8.859
8.1742
7.6379
8.9631
11.2421
11.3054
11.2183
11.7293
11.3198
11.2259
11.144
11.3782
11.4357
10.9455
7.2355
6.0952
6.9497
7.4036
6.8456
6.6939
7.0074
6.2197
7.4067
6.1066
6.036
6.4368
6.605
7.9166
6.9705
7.0963
6.7839
5.9336
6.6201
6.723
6.5805
8.0566
7.6277
8.3104
8.4437
9.2807
11.1023
12.3406
12.5709
12.7006
12.6499
12.1849
12.7316
12.9562
12.9534
12.5567
11.1564
8.1801
7.0388
7.1794
7.3151
7.147
7.6871
6.4321
6.2191
6.7088
6.4698
7.1128
6.2585
6.1761
5.8954
5.8984
6.5465
6.3678
6.4358
7.0738
7.5161
8.6203
7.286
7.3424
7.473
8.0398
8.4354
9.984
11.4769
11.8033
11.3448
11.5572
12.0685
11.3258
11.9128
11.6242
11.7704
11.9371
8.962
6.3531
6.2208
6.2633
7.6873
7.4045
6.5324
6.1187
6.542
8.4316
6.6117
7.7388
8.3191
9.0172
10.3112
11.3149
10.7007
10.2623
10.2758
10.3556
11.1982
10.3711
10.1745
11.0584
10.3454
10.5729
10.9842
10.336
10.5772
10.7866
8.4723
5.8102
5.542
5.6292
7.2362
6.5495
6.0638
5.9498
5.9263
7.2944
6.6429
6.5983
6.656
6.5615
8.1648
9.495
9.6912
10.4668
11.6901
10.9967
10.8728
11.091
10.076
10.2919
11.0236
9.9301
10.5699
10.6603
5.6323
6.1544
6.3653
6.676
9.2349
9.9192
10.1426
10.7893
9.7522
10.045
10.149
9.7522
9.7134
9.8108
10.9949
10.3559
9.8261
10.5336
9.7866
9.6274
9.8474
9.6344
9.9659
10.5386
11.1763
10.1931
10.6352
11.1045
10.3213
