9.5347
7.222
7.2477
6.5945
5.2829
5.1317
4.5722
4.2274
4.5701
3.6577
3.6642
3.4178
3.3262
3.2805
3.2759
3.1191
2.6182
2.4559
2.7048
2.5683
2.5531
2.5253
2.5828
2.5366
2.6094
2.4713
2.7965
2.6771
2.6973
2.6679
2.5855
2.4707
2.5021
2.5262
2.4901
2.5126
2.42
2.4383
2.408
2.515
2.6073
2.6184
2.6449
2.5862
2.7548
3.1883
3.1354
3.0281
3.5623
3.5291
3.156
3.5118
3.5597
4.026
4.2186
4.4876
4.9906
5.0131
4.9089
4.9435
5.0547
5.0162
4.95
4.998
4.8672
5.0473
4.8916
4.8872
5.0061
4.8684
4.9462
4.9362
4.8683
4.9226
5.0265
5.2008
4.9444
4.9246
4.9438
5.0037
4.9645
4.9103
4.9306
5.0195
4.9575
4.9783
4.9681
5.0328
5.0073
4.8886
4.893
4.808
4.7873
4.877
4.9498
4.9554
5.9898
5.1306
4.9051
4.8923
4.9828
4.8983
4.9816
4.8859
5.0085
4.8949
4.999
4.9443
4.8639
5.519
5.182
5.2039
5.0899
5.1508
5.0339
4.9512
5.5143
5.0497
5.1677
5.5937
5.3312
5.2119
5.3443
5.208
5.049
5.458
5.2549
4.9464
5.0073
5.3931
5.469
5.5044
5.5265
5.1079
5.3193
5.2125
5.1793
5.9878
6.9826
5.094
8.1635
5.2546
5.2387
5.4296
5.0248
5.3829
5.2055
5.4187
5.1869
5.2261
5.9014
5.4023
5.1887
5.5022
5.3108
5.4247
5.0624
5.2924
5.408
5.3656
5.3694
5.182
5.3857
6.0746
5.0738
5.3053
5.069
5.1369
4.9562
5.1323
5.3207
5.2539
5.0561
5.01
4.9713
5.3407
5.4973
5.6275
5.5946
5.5016
5.5003
5.3691
5.3978
6.732
5.0313
5.0281
5.0146
5.0779
4.9824
4.8563
5.1114
4.9607
4.9607
5.0988
5.1705
5.0812
5.0643
5.2064
5.0641
5.1219
5.0004
5.027
5.0327
5.6323
5.059
5.0127
5.3627
6.1571
5.0602
12.6857
5.4179
5.1316
4.9716
5.0657
5.1483
5.0689
4.9992
5.1601
5.0723
4.9998
4.9855
5.2254
4.9802
5.0286
5.0525
5.042
5.0244
4.9339
5.1325
4.9603
5.0128
5.1377
5.0253
4.9275
5.0848
4.9629
5.0959
4.9593
5.1865
4.9868
4.9614
5.0603
5.1273
4.9786
4.9857
5.007
5.1546
4.8457
5.1179
5.0599
5.0914
5.0485
6.0443
5.3322
5.185
5.2381
5.3892
5.4135
6.4229
4.9705
4.9548
5.1115
5.0673
4.9876
5.4093
5.09
5.2568
5.2841
5.4972
5.1119
5.3176
5.0443
5.22
5.1722
5.1006
5.0592
5.2231
5.6516
5.0753
5.3336
5.1638
5.1671
5.397
5.1092
6.4713
5.077
5.2443
5.0987
5.8822
5.441
6.3495
5.3348
5.4086
5.291
5.1087
5.1784
5.0756
5.2031
5.1092
5.1952
