1.8154
1.5891
1.6004
1.5746
1.6743
1.6176
1.4717
1.4139
1.4146
1.4101
1.3996
1.425
1.4358
1.279
1.2756
1.4496
150.4417
1.3608
1.4047
1.4506
1.4116
1.38
1.3979
1.3722
1.3663
1.3911
1.3655
1.3473
1.3921
1.3255
1.4943
1.4223
1.4002
1.4032
1.361
1.3373
1.3382
1.4107
1.3534
1.3738
1.344
1.3467
1.3454
1.3479
1.3339
1.3219
1.3021
1.3194
1.2955
1.3364
1.2248
1.2772
1.3401
1.3678
1.3734
1.407
1.3553
1.3854
1.4004
1.3626
1.3512
1.3589
1.4806
1.4263
1.4455
1.3761
1.474
1.6089
1.3345
1.5672
1.3084
1.5401
1.2961
1.5428
1.3067
1.279
1.2398
1.3143
1.3391
1.374
1.2877
1.3488
1.4058
1.4957
1.242
1.5072
1.3358
1.2318
1.4281
1.2536
1.2948
1.3106
1.297
1.2561
1.2521
1.232
1.3523
1.189
1.329
1.3302
1.3123
1.413
1.402
1.367
1.3026
2.034
1.3118
1.6981
1.4514
1.714
1.5358
1.6218
1.6724
1.7117
1.6669
1.741
1.6311
1.7993
85.1308
2.3893
2.3197
2.2641
2.3843
2.3366
2.3222
2.2623
2.2706
2.1809
2.2008
2.561
2.2847
2.4113
2.2018
2.1495
2.1861
2.3153
2.271
2.2872
2.1743
2.2798
2.2728
2.2668
2.2018
2.314
14.9713
54.7335
2.3764
2.217
2.2458
2.3122
2.2613
2.1664
2.219
2.2776
2.2564
2.2214
2.2716
4.7988
2.2323
2.2844
2.3626
2.3131
3.8178
2.3029
2.4239
2.3461
2.3519
2.3129
80.4359
2.2738
2.2973
2.2404
2.3703
2.3783
2.1717
2.2342
2.2923
2.2872
2.3214
2.2324
2.3075
2.339
2.364
2.2865
2.4083
2.3059
2.2038
2.3283
2.4009
2.2055
2.3802
2.3293
2.3433
2.1771
2.2767
2.2341
2.3192
2.3023
2.276
2.2443
2.2756
2.2801
2.2676
2.245
2.2995
2.4333
2.9888
2.2689
2.4404
2.1949
2.3932
2.3956
2.3932
2.4069
2.475
2.2658
2.2426
2.2393
2.3118
2.2565
2.3641
2.2103
2.4391
2.3601
2.2263
2.3625
2.3555
2.2325
2.3667
2.3921
2.2834
2.2305
2.2934
2.2751
2.4318
2.3204
2.3392
2.2845
2.2711
2.2471
127.8316
2.2653
2.2792
2.2884
2.2481
2.2446
2.1846
2.3964
2.2711
2.2716
2.2666
2.2582
2.298
2.3127
2.3205
2.2584
2.2514
2.4728
2.3844
2.3979
2.4166
2.4136
2.3933
2.7168
2.3817
2.393
2.3769
2.4068
2.3133
2.3891
40.8005
2.2773
2.2369
2.3871
2.3698
2.258
2.2901
2.4007
2.4057
2.2342
2.2942
2.2581
2.3156
2.2615
2.4481
2.2609
2.2586
2.3604
2.2948
2.4433
3.4776
2.4603
2.347
2.6922
2.4606
2.4131
2.3947
2.447
2.4447
2.4102
2.2707
2.2654
2.4143
2.3956
2.445
2.2704
2.2691
2.2667
2.36
2.4042
2.2202
2.3608
2.2975
2.2617
2.2855
2.3876
2.3184
2.2387
2.3512
2.2871
2.3007
2.3395
2.2581
2.3054
2.2174
2.4223
2.2802
2.27
2.2531
2.3716
2.2745
2.2624
2.32
2.2743
2.2458
2.3421
2.2936
2.4705
2.269
2.4192
2.332
2.3086
2.3165
2.2779
2.2499
2.3127
2.295
2.2883
2.3899
2.239
2.4519
2.3347
2.2596
2.4808
2.2773
2.3091
2.2974
2.2665
2.4912
85.5312
2.4246
2.4384
2.3902
2.4063
2.3978
2.4566
2.3962
2.5406
2.4309
2.4169
2.369
2.3407
2.4698
2.4551
2.3385
2.318
2.3416
2.4082
2.362
2.3433
2.2128
2.2778
2.1995
2.2183
2.2887
2.4393
2.41
2.2105
2.2962
2.3708
2.2592
2.3058
2.2987
3.0848
11.7306
2.254
2.3095
2.5355
2.381
2.5179
2.4648
2.6013
2.5151
2.4627
2.4432
2.4158
2.447
3.287
2.4671
2.4788
2.4674
3.0891
2.5583
4.9718
4.0411
2.5258
2.4901
2.7086
2.4689
2.4681
2.4283
2.4198
2.4407
2.6042
2.5474
2.569
2.302
2.5022
2.3904
2.3399
2.3479
4.1223
2.4483
2.4646
5.5166
2.6805
2.5064
2.3485
2.4751
2.7104
2.6689
2.4754
2.4499
2.495
2.4936
2.7075
2.5493
2.6781
2.5446
2.5931
2.6425
2.6529
3.553
2.8102
2.6759
2.5919
2.5578
2.5088
2.498
2.5513
2.5076
2.5624
2.5111
2.4984
2.553
2.4815
7.0834
2.7596
2.5771
2.7394
2.7998
2.8938
2.684
2.6438
2.7021
2.7093
2.6231
2.7914
3.6645
2.87
2.6354
2.7732
2.5593
2.7402
2.5465
2.6444
2.5854
2.6498
2.5988
2.7089
2.5854
2.7565
2.7408
2.5773
2.5023
2.6207
2.5949
2.5943
2.4895
2.6075
3.2725
2.5574
2.5208
2.9256
2.4712
2.5188
2.7373
4.0135
2.7066
3.4772
2.6737
2.6466
2.6073
2.577
4.1444
2.5811
2.5742
2.613
2.5977
2.6635
2.6507
2.643
2.6917
2.5055
2.5551
2.5489
2.6479
2.6034
3.4799
2.5199
2.5487
2.5813
2.5336
2.8156
2.5385
2.6076
2.6345
4.9956
2.6454
2.5777
2.5943
2.7886
5.9896
5.0849
2.7394
3.0512
4.3268
2.8632
2.7773
3.8596
2.8092
2.8136
2.8728
2.8173
2.6672
2.7272
2.6201
2.7457
3.4862
2.8981
2.6442
2.6368
2.6985
2.625
3.5735
2.7339
2.7124
2.6931
2.6394
2.7452
2.8811
3.6242
2.7486
2.6687
2.6999
2.5393
2.3208
2.5385
2.4877
1.9594
1.9126
1.8383
1.8492
1.8014
1.7632
1.7139
1.6232
1.6257
1.6847
1.6006
1.5935
1.5935
1.6036
1.5605
1.5154
1.625
1.6419
2.2078
1.5417
1.5124
1.5317
1.5496
1.6206
1.5615
1.5576
2.2128
1.6329
1.7121
1.722
1.6764
1.6355
1.5985
1.7348
1.6016
1.6871
1.7572
2.2633
1.6253
1.5776
1.6601
1.659
1.6048
1.5354
6.6226
1.7689
1.8179
1.9427
1.7724
1.9661
2.4945
1.9595
2.1045
2.132
2.5144
2.3889
2.3499
2.4401
2.5268
2.5285
2.5825
2.7852
2.8934
3.3921
2.7102
2.5042
2.5361
2.5982
2.5387
2.4972
2.5647
2.5272
2.9641
2.9525
2.5716
2.4849
2.465
2.4377
3.1042
3.0011
2.9192
2.8783
2.8931
2.9146
3.039
3.0063
3.0012
3.0769
3.0749
3.1091
2.9629
3.0
2.9243
2.9038
2.9147
2.9443
2.9409
2.8972
3.0049
3.0634
3.1249
3.0519
3.053
3.2398
2.9145
2.9144
3.6463
3.1571
2.8795
2.8019
2.895
2.8463
2.9375
2.9066
2.8357
3.1389
3.0251
2.9441
2.9047
2.9617
2.8407
2.8912
2.9178
2.9494
2.9102
2.9174
2.8884
2.9293
3.1204
2.9757
2.8711
2.8856
2.8433
2.9499
3.7299
2.9035
2.8976
2.9113
2.847
2.9772
3.2864
2.902
3.127
2.947
2.9022
3.7717
2.8921
3.1659
2.9474
2.9224
2.848
3.0072
3.2166
2.9139
2.9314
3.0275
2.9362
2.9468
2.9818
2.8491
3.016
3.0102
3.9353
5.6255
3.2582
3.2821
3.4386
3.3217
4.3526
3.3968
4.2064
3.582
3.3406
3.3805
3.3194
3.3214
3.3266
3.2917
3.2809
3.1207
3.2311
5.6357
3.309
3.2336
8.9098
3.2683
3.3642
3.2987
3.314
3.2464
3.4151
3.2002
3.2146
3.117
3.1258
3.0078
3.1445
3.0774
3.1518
3.1616
3.3249
3.525
3.2735
3.118
3.1586
3.3519
3.1939
3.1582
3.2019
3.1195
3.0891
3.1891
3.1094
3.1912
3.1456
3.0174
3.5014
3.1535
3.0796
3.0557
3.0385
