4.2382
1.2044
0.5147
0.4828
3.0167
0.5367
0.5795
0.5684
0.5465
0.523
0.542
0.5022
0.4711
0.4061
0.3813
1.4834
3.3754
0.8098
0.4856
2.7708
2.359
0.5323
1.8312
0.9593
0.7395
1.1865
1.2974
0.7234
0.4935
2.8617
1.3258
1.6879
0.504
1.7077
0.4704
1.5409
0.47
1.417
0.9976
0.6182
1.5277
0.5237
1.5316
1.6886
1.9378
2.1977
1.4626
1.5769
1.6354
1.2828
1.7242
0.6222
1.4545
0.8878
0.605
1.1728
0.9639
0.6456
0.9682
1.7966
1.2508
1.2317
1.2371
0.7415
1.7376
0.6917
2.0198
0.7169
1.8402
0.9756
1.0619
1.3099
0.7045
1.2418
0.6996
1.575
0.7319
1.5847
1.3715
2.4714
1.3359
0.9606
1.069
0.6793
1.3334
1.1131
0.7297
2.5146
1.3826
0.8057
1.7492
1.6065
0.7427
0.9997
0.7002
1.0914
0.7642
1.0575
0.8136
1.5868
1.3915
0.9752
1.0975
1.0992
2.3518
2.2995
1.0254
0.9991
0.9632
1.0201
0.8901
0.9861
1.6041
0.9582
0.9228
1.0209
0.9444
1.014
2.5935
0.9966
1.1829
0.9754
0.8632
0.9425
0.9698
0.9821
1.0233
1.0347
0.9502
0.8896
1.0154
0.9323
6.6832
1.0049
0.8588
1.129
1.1224
0.8637
0.8508
13.8513
1.1332
1.1775
1.1762
1.0756
1.0782
1.0572
1.0896
1.0385
1.0886
1.1474
1.1348
1.0886
1.0298
1.1716
1.1075
1.0962
1.1956
1.1654
1.0716
1.1266
1.1593
1.0983
1.0831
2.0337
2.6397
1.7973
1.3135
1.2394
1.3905
1.2493
1.1522
1.1328
1.1285
1.1308
1.1224
1.2382
1.3801
1.3492
1.3105
1.1104
1.3116
1.1559
1.6415
1.4487
1.2636
1.2896
1.3026
1.2724
1.4483
1.5083
1.4748
1.4245
1.4951
1.469
1.5048
1.811
1.799
1.6706
1.7377
1.707
1.8122
1.775
1.7984
1.859
5.9513
1.8088
1.7424
1.8361
1.749
1.8086
1.8277
1.8248
3.2516
1.8444
1.8194
1.8775
1.8068
1.7944
1.8723
1.7509
1.8356
1.7989
1.8808
1.7985
1.8064
2.1062
5.5932
2.1061
3.0455
2.175
2.116
2.3466
2.1078
2.152
2.119
69.837
2.1704
2.2042
2.143
2.1922
11.9103
2.137
2.0926
2.0508
2.0331
10.5014
7.4445
1.9822
2.0122
1.9746
2.2276
2.0551
33.3502
2.2953
9.4821
2.0765
2.0693
2.1578
19.4591
2.0916
2.1643
2.0865
19.5043
2.0759
2.1157
2.3462
2.2117
2.0754
2.1073
2.1566
6.2465
11.4941
2.0742
2.1028
2.1086
2.1461
2.0864
2.0389
2.0933
2.0817
2.0803
2.1042
2.0688
3.1659
2.11
2.1514
2.1076
2.0996
2.0999
25.7156
2.9817
17.0882
2.1476
20.2519
2.118
2.1127
2.2074
2.1771
2.0958
8.6062
