4.4534
2.2925
0.5797
0.5419
0.5251
0.5434
0.5641
0.575
0.5748
0.5478
0.5699
0.5486
0.5675
3.7492
0.6458
0.6341
0.5989
0.5724
0.5943
0.5711
0.511
1.4207
1.7103
1.6161
0.3252
0.9084
2.2784
1.6486
0.8435
0.5213
0.4875
0.3406
2.022
0.5111
0.4191
0.5751
0.3972
1.5142
0.5746
0.6533
1.084
0.5995
1.1876
0.476
1.5256
0.8865
1.1085
0.4929
1.6279
0.8035
0.6096
0.8855
0.6039
0.5653
0.5066
1.1473
1.0047
0.7684
0.958
0.5185
1.4677
0.5784
1.3362
1.463
0.5336
1.4227
1.0599
0.7842
0.8168
0.7922
0.8095
1.1417
0.5617
1.5009
0.558
1.5096
0.5978
1.5444
0.6038
1.7278
0.6298
1.6067
0.6473
1.6172
1.0198
0.925
1.162
1.1388
0.9199
0.8919
1.096
0.6416
1.3774
1.0587
1.2368
0.6632
1.5889
1.3645
0.6818
1.6216
0.7754
1.6986
0.965
1.0185
1.2774
0.8146
1.7421
0.7563
1.6314
1.1157
1.3413
0.8022
2.1086
0.8288
1.8137
0.7998
1.5116
1.1409
1.377
1.4118
1.1048
1.5169
1.4403
0.8723
1.8549
0.8123
1.7642
0.8727
1.8845
0.902
1.5294
2.3551
1.1917
1.6193
1.2543
1.2494
0.9492
0.8503
1.6264
0.8785
1.0446
0.9748
1.6872
1.8106
0.9602
1.8855
2.405
1.2177
0.9579
2.6116
0.9747
1.0371
1.276
1.0795
1.0145
1.1617
1.164
1.1069
1.1795
1.2085
1.327
1.0367
1.197
1.0092
1.1744
1.0773
1.1083
1.0833
1.2233
1.4684
1.3475
1.1085
1.1342
1.0968
1.1794
1.1276
1.1426
7.2601
1.9593
1.2456
1.255
1.4224
1.4014
1.4517
1.4224
1.47
1.3547
17.7075
1.7258
1.5617
1.8184
1.6236
1.7114
1.6577
1.6183
1.999
1.712
1.9337
2.0047
1.8072
1.9384
1.895
1.948
1.9193
2.0575
2.0788
2.158
2.1392
2.0671
2.1079
2.0934
2.057
2.0564
2.0657
2.0854
2.142
2.1249
2.0374
2.1116
2.1182
2.1283
2.0267
2.1092
2.1386
2.1239
2.1776
2.1633
2.0778
2.0802
2.133
2.0526
2.1589
2.0604
2.1329
2.1207
2.182
2.1299
2.1047
2.0942
2.0418
2.0053
26.6623
8.9688
2.2464
2.1989
2.2053
13.0569
20.1529
2.269
2.2505
2.2217
5.5963
2.1473
2.3156
2.2298
2.2477
2.2426
5.8059
2.2331
2.3294
2.2149
2.1693
2.2043
2.2302
2.233
2.2043
2.2335
2.2505
2.1853
2.214
2.17
2.2056
2.3452
2.2497
2.2965
2.121
2.1521
2.212
2.1449
2.1607
2.1478
2.1317
2.2044
2.0404
18.3518
2.1552
2.1699
2.0545
11.7735
2.167
2.2041
2.2157
2.2003
2.1818
2.1569
2.1216
2.1893
2.1014
2.1349
2.0817
2.1661
2.2224
2.095
2.1238
2.0807
2.1959
2.1523
2.225
2.1569
2.1532
49.0282
2.0912
7.2615
2.1817
2.2022
2.1706
2.1955
2.176
2.2533
2.021
3.0619
2.2111
2.3109
2.2528
2.1112
2.1413
2.1549
2.2424
2.1985
2.189
45.3824
2.2227
33.8652
2.2776
2.2871
2.5535
2.2341
2.1918
2.3611
2.1787
2.226
2.3077
2.421
2.3136
2.2497
2.3038
2.2032
2.3164
2.3029
2.2883
2.1489
2.1935
2.336
2.1204
2.2858
2.2827
2.252
2.2627
2.2609
2.1976
2.1275
2.3008
2.2794
2.1955
2.3616
2.2888
2.192
2.1605
2.2102
2.1706
40.4841
2.2546
2.4058
2.3735
2.4608
2.4776
2.4443
2.2829
2.2863
2.2781
2.2497
2.4679
2.3912
2.3738
2.3714
3.2531
2.4925
2.6268
2.2169
2.3233
2.4149
2.3646
2.2984
2.3213
2.3007
2.3784
2.427
2.2548
2.2449
2.3414
2.3191
2.2544
2.1689
4.7392
2.2673
2.2234
2.2633
2.2937
2.1834
2.1837
2.3764
2.3341
2.3492
2.2763
2.2812
2.2874
2.2821
2.2678
2.3666
2.1817
2.1414
2.2645
2.1856
2.2199
2.2287
2.128
2.18
2.2983
2.2441
2.277
2.1633
2.1157
2.1433
2.205
2.3097
2.3283
2.5741
2.306
2.3179
2.3514
2.3085
2.2896
2.3065
2.1436
2.304
2.2959
2.244
2.2347
2.2096
2.2415
2.1681
2.1711
2.2823
2.2523
2.2185
2.245
2.1871
17.2348
2.273
2.3643
2.375
2.4427
2.334
2.3389
2.3064
2.2681
2.2688
2.5654
24.1394
2.391
2.4217
2.5753
2.3563
2.4551
2.3969
2.6564
2.4929
2.2841
52.3097
32.9789
1.3368
1.321
1.2768
1.2053
1.2802
1.2737
1.2499
1.2262
1.3725
1.4073
1.2957
1.4062
1.3036
1.2654
1.2744
1.3149
1.2859
1.2677
1.2769
1.3286
1.2649
1.2723
1.2673
1.3424
1.3565
1.3459
1.3169
1.2964
1.299
1.3821
1.3117
1.2737
1.251
1.3523
1.3179
1.3405
1.307
1.4176
1.3367
1.8987
1.2719
1.2798
1.2821
1.3197
1.3649
1.2966
1.3208
1.2939
1.3171
1.3042
1.2908
1.9137
1.3196
1.359
1.2923
1.2887
1.7448
1.3003
1.2634
1.283
1.2849
1.3594
1.3678
1.5684
1.2681
1.2925
1.2809
1.4326
1.2915
1.3311
1.388
1.2953
1.3305
1.375
1.4135
1.3728
1.3588
1.3546
1.3804
1.397
1.3718
1.3363
1.3437
1.3816
1.3213
1.3538
1.4145
1.3331
1.3561
1.3446
1.3897
1.3912
1.3601
1.3348
1.382
1.5912
1.3603
1.4574
1.4046
1.3202
1.4715
1.3726
1.4064
1.3416
1.3371
1.4166
1.3242
1.3454
1.3077
144.7238
1.9547
1.9455
1.8482
1.8894
2.27
2.2576
2.2034
2.1632
2.1866
2.2541
2.1556
2.2124
2.1931
2.2149
2.1874
2.2624
2.1687
2.1861
2.3311
2.2555
2.2028
2.2281
2.1367
2.1946
2.2272
2.1725
2.1379
2.2375
2.2346
2.2015
2.289
2.2743
2.1268
2.1749
2.2629
2.3401
2.4476
62.6718
2.2812
2.3333
2.361
2.3459
4.7168
2.356
2.3607
2.3003
2.2989
2.3731
2.3416
2.3722
2.404
2.3764
2.3003
2.2774
2.2607
2.3667
2.1593
2.4402
2.2683
2.2512
2.2872
2.3302
2.2741
2.1305
31.1794
29.3351
2.3429
2.3899
2.3667
2.3806
2.3513
2.3253
2.3703
2.2898
2.2509
2.2671
2.1911
2.3258
2.2712
2.2616
2.2458
2.327
2.2746
2.249
2.3185
2.4224
2.4542
2.327
2.263
2.3441
2.2064
2.4185
2.2181
2.2629
2.2751
2.2069
2.2021
2.3053
2.1901
168.9909
2.4263
2.3116
2.2485
2.2543
2.2401
2.2962
2.2829
2.292
2.2842
2.2816
2.258
2.3371
2.3988
2.1878
2.2396
2.2089
2.371
2.4385
2.2881
2.1881
2.2695
2.4206
2.3075
2.2437
2.2675
2.2598
2.2709
2.2123
2.3684
2.2528
2.3665
2.2267
2.262
2.3395
2.162
2.276
2.2757
2.2589
2.2218
2.2802
2.2807
2.2726
2.2354
2.3149
2.3301
2.3311
2.1952
2.2083
2.3056
2.3311
2.2787
2.2788
2.2715
2.1705
72.6874
3.2204
2.3944
2.3538
2.3199
2.3543
2.2673
2.3613
2.7294
2.3709
2.3152
2.3085
2.2115
2.2502
2.4306
2.2831
211.869
2.4375
2.2584
2.2269
2.2812
2.2239
2.22
2.178
2.3003
2.229
2.2295
2.2907
2.2656
2.1844
2.2809
2.372
2.3172
2.2013
2.294
2.3238
2.2234
2.2038
2.2599
2.2734
2.1995
2.225
2.3013
2.2635
2.2394
2.2314
2.3264
2.4843
2.3738
2.3637
2.4338
2.3758
85.7241
2.2684
2.3254
2.2186
