2.164
2.1071
13.086
2.1987
2.1186
2.1035
15.6642
2.024
2.0968
5.3523
2.1255
14.5542
2.0666
2.0528
2.0232
2.0345
1.9725
2.0074
2.0241
2.025
1.988
2.0157
1.9913
2.1456
1.9913
1.9994
7.2999
2.1073
2.0972
11.5768
2.0204
1.9906
2.1169
2.0474
2.0761
2.03
2.0564
11.4721
2.0665
2.0555
2.0995
2.1316
2.0934
2.0668
2.1016
19.936
2.1282
5.0923
2.1967
2.0953
2.123
40.943
2.2855
2.0974
2.0873
2.1231
2.1165
2.1242
2.1106
2.1714
2.1812
2.1737
7.2034
2.0523
2.1957
2.2376
2.1241
2.0975
2.1183
7.451
2.2717
2.1416
2.0922
2.1129
2.1252
2.1074
2.1169
14.8838
2.1757
2.1612
5.4196
2.2757
3.2792
2.2199
3.0165
2.4118
2.1891
2.1395
3.1575
2.2248
2.2065
2.2756
2.2029
2.1363
2.1649
2.3228
2.2017
2.2239
2.2215
2.1346
2.1849
2.1764
2.2288
3.1046
2.2378
2.185
2.1668
2.269
2.1593
2.1517
3.2322
4.1141
2.2385
2.3533
2.4025
2.2662
2.262
3.2567
2.309
2.2696
2.3942
2.2976
2.2885
2.2749
2.2095
2.2774
2.3333
2.3159
2.2798
2.2162
2.2411
3.306
4.194
2.2947
2.352
2.2924
2.3003
2.3101
3.4555
2.3099
2.4801
2.2666
2.3229
2.3062
2.5111
2.2949
2.3127
2.2735
2.2769
2.2728
2.3255
2.3107
2.4406
2.2454
3.2413
2.3387
2.3397
2.3472
2.2777
2.2738
3.2524
2.3481
3.4097
2.6275
2.558
2.4246
3.4025
2.5714
2.3517
2.3017
2.2917
2.399
2.4699
2.3747
3.8034
2.4674
2.3683
2.3998
2.3998
2.3997
2.4135
2.6859
2.4384
2.3411
2.3498
2.3516
3.5204
2.4586
2.5076
2.4621
2.3838
2.4088
2.4094
2.6112
3.4429
2.5519
2.3754
2.3698
3.3196
2.474
2.4281
2.3907
2.4195
2.4172
2.4153
3.7881
2.5157
2.4277
2.3809
2.4646
2.448
2.4364
3.4168
2.4073
2.3811
2.4859
2.4715
2.4263
4.397
2.5068
2.5299
2.5231
2.482
3.4888
2.5392
2.441
3.6173
2.5394
2.5212
2.482
2.5393
2.4896
2.4994
2.5035
3.6006
2.5583
2.6102
2.4356
3.4762
2.4973
2.5796
2.6212
2.5532
2.5525
3.5448
2.6436
2.5596
2.5785
2.5616
5.6843
2.5686
2.5438
2.5455
2.5277
3.5755
3.3685
3.833
2.6837
2.5347
3.101
3.8617
2.7146
2.6667
2.6256
3.7038
2.6795
2.906
3.0737
2.7928
2.8236
3.6916
2.6188
2.7037
2.6874
2.6347
4.5282
2.6793
2.6718
2.6682
2.8624
2.6252
2.6733
2.7045
2.6566
2.7283
3.7034
2.6573
2.7931
2.6676
2.6365
2.639
2.8303
2.7157
2.6959
3.8856
2.6943
2.7661
2.6831
2.7089
4.6993
