147
147
147
147
147
147
147
147
147
147
147
147
147
147
147
147
147
147
147
147
147
147
148
148
148
148
148
148
148
148
149
149
149
149
149
149
149
149
150
150
150
150
150
150
150
151
151
151
152
152
152
152
152
153
153
153
153
153
153
153
153
153
153
153
153
154
154
154
154
154
154
154
154
154
154
154
154
155
155
155
155
155
155
155
155
155
155
155
155
155
155
156
156
156
156
156
156
156
156
156
157
157
157
157
157
157
158
158
158
158
158
158
159
159
159
159
159
159
159
159
159
159
159
160
160
160
160
160
160
160
160
160
160
160
160
160
160
160
160
160
160
160
160
160
160
161
163
163
163
163
163
163
164
164
165
165
166
166
166
167
167
167
167
168
168
168
169
169
170
170
170
172
172
173
173
173
173
174
175
175
176
176
177
177
178
178
179
179
180
180
181
181
182
182
183
183
183
183
183
183
183
184
184
184
184
184
184
184
185
185
185
185
185
185
185
186
187
187
187
187
187
187
187
187
187
187
187
187
187
187
188
188
189
189
189
189
189
190
190
190
190
190
190
190
190
191
191
192
192
192
192
192
192
193
193
194
194
194
194
194
194
195
195
195
195
195
195
195
195
195
195
195
195
195
195
195
195
195
195
195
195
195
196
196
196
196
196
196
196
196
197
200
200
200
200
200
200
200
200
201
201
201
201
207
207
207
207
207
207
207
207
207
207
207
207
207
207
207
207
207
208
208
209
209
210
210
210
210
210
214
214
214
214
214
214
214
214
214
214
215
215
215
215
215
215
215
215
215
215
215
215
215
215
215
216
216
216
216
216
216
218
218
218
218
218
218
218
218
218
218
218
218
219
219
219
219
219
219
219
219
219
219
219
219
219
219
219
219
219
219
219
219
219
219
220
220
220
220
220
220
220
220
220
220
220
220
220
220
220
220
220
221
221
221
221
221
221
221
221
221
222
222
222
222
222
222
222
222
222
222
222
222
222
222
222
223
223
223
224
224
224
224
224
224
224
224
224
224
224
224
224
224
224
224
224
224
224
224
224
224
224
224
224
224
224
224
224
224
224
225
225
225
225
225
225
225
225
226
226
226
226
226
226
226
228
228
229
229
229
229
229
229
229
230
230
230
230
230
230
230
230
230
230
230
230
230
230
230
230
230
230
230
233
233
233
233
233
233
233
233
233
233
233
233
233
233
233
233
233
233
233
233
233
233
234
234
234
234
234
234
234
234
234
234
234
234
234
234
234
235
235
235
235
235
236
236
236
236
236
236
236
236
236
236
236
236
236
237
237
237
237
237
237
237
237
237
237
237
237
237
237
237
237
237
237
237
237
237
237
238
238
238
239
239
239
239
239
241
241
241
241
241
242
244
244
244
244
244
244
244
245
245
245
245
245
245
245
245
245
245
245
247
247
248
248
248
249
249
249
250
250
251
251
251
252
252
253
253
253
254
254
255
255
256
256
257
257
258
258
258
259
259
259
260
260
261
261
263
263
263
263
264
264
266
269
269
270
270
270
271
271
272
272
273
273
273
275
275
277
277
277
277
278
278
278
279
280
280
280
280
280
281
281
282
282
282
282
282
282
282
282
282
282
282
282
282
282
282
289
289
289
289
289
289
289
289
289
289
289
289
289
289
289
289
289
289
289
289
289
289
289
289
289
289
289
289
289
289
289
292
292
293
293
293
293
293
293
293
293
293
293
293
294
294
294
294
294
294
295
295
295
295
296
296
296
297
297
297
297
297
297
298
298
298
298
298
298
299
299
299
299
299
299
299
299
299
299
299
299
299
299
299
299
299
299
299
299
299
299
299
