113
113
113
114
114
114
114
115
115
115
115
115
116
116
117
117
117
117
117
118
118
118
118
118
119
120
120
120
120
120
120
121
121
121
121
122
122
123
123
124
125
126
127
127
128
128
128
128
128
128
129
129
129
130
130
131
132
134
134
136
136
137
138
138
139
139
140
140
141
141
142
142
143
143
144
144
145
146
146
147
147
148
149
150
150
150
151
151
151
151
152
152
153
153
153
153
153
153
153
153
153
153
153
154
154
154
155
155
156
156
157
157
157
158
158
158
158
158
158
158
158
158
159
159
160
160
160
161
161
161
161
161
161
161
161
161
161
161
161
161
162
162
162
162
162
162
162
163
163
164
164
165
165
166
166
169
170
170
171
171
171
171
171
171
171
171
171
171
171
171
171
171
172
173
173
173
174
175
176
176
177
177
177
177
177
178
178
178
178
179
179
179
180
180
181
181
181
181
181
181
182
182
183
183
184
184
185
185
185
185
185
185
186
186
186
186
186
187
187
188
188
189
189
189
190
191
191
191
192
192
192
192
193
194
195
195
195
195
196
196
196
196
197
198
198
199
199
199
199
200
200
200
200
200
200
200
200
200
201
201
201
202
202
202
202
202
202
202
202
202
202
202
202
202
202
202
202
203
203
203
203
203
203
203
203
203
203
203
203
203
203
203
203
203
203
203
203
203
203
203
