1
1
1
2
2
3
3
4
4
4
5
7
7
9
9
9
10
11
11
12
13
14
14
16
17
17
18
19
20
21
22
23
23
25
25
26
27
28
29
31
31
32
33
33
35
35
37
37
38
40
40
41
43
43
44
45
46
47
48
48
50
50
51
52
52
53
54
54
56
57
58
58
60
60
60
62
63
63
64
64
65
66
66
67
68
69
70
72
72
74
74
76
76
78
78
79
80
81
83
83
85
85
86
88
88
89
90
90
91
92
92
94
94
96
96
97
98
98
98
98
99
100
100
100
102
102
102
102
102
102
102
102
103
103
103
103
103
103
103
103
103
103
103
104
104
104
104
104
104
104
105
105
105
105
105
105
105
105
105
105
105
105
105
105
105
105
105
105
105
105
105
105
106
107
107
107
108
108
108
108
108
108
108
108
108
108
109
109
109
109
109
109
109
109
109
109
109
109
109
109
109
109
109
109
109
109
110
110
110
110
110
110
110
110
110
110
111
111
111
111
111
111
111
111
111
111
111
111
111
111
112
112
113
113
113
113
113
113
113
113
114
114
114
114
114
114
115
115
115
115
115
115
115
115
115
115
115
115
115
116
116
116
116
117
118
118
118
118
118
118
118
119
119
119
120
120
120
121
121
122
124
125
126
126
128
128
129
130
130
131
131
131
132
132
133
134
134
134
135
135
