15.8731
10.6978
12.0828
16.9707
11.71
15.7261
14.3606
17.7536
21.0739
20.4896
11.6522
16.4579
22.4863
21.9457
22.2376
21.066
21.9305
20.6584
20.6279
21.4011
22.5974
19.1107
20.3231
11.1416
11.7138
10.0437
11.1927
12.1429
10.1354
11.8868
15.3535
17.7263
17.4025
17.0875
17.5888
18.3693
16.7715
15.9473
15.6187
15.8861
16.0279
15.4716
15.3352
15.6073
15.7612
14.7261
15.508
14.8973
14.2665
13.7764
13.5559
13.9703
13.3197
13.1229
13.3577
13.3319
13.3225
10.7714
11.415
12.7311
12.8254
12.0005
12.1375
12.0025
14.535
12.4995
12.0177
11.5856
11.6303
11.5384
11.517
11.1652
11.4192
10.799
10.6725
11.9092
11.4598
11.5177
11.3678
10.7127
10.6295
10.9652
10.8097
11.5058
11.5324
11.0099
11.0855
12.873
12.3299
11.6617
12.3714
12.6486
13.1298
10.8004
6.5626
6.6753
6.6188
11.4825
10.2494
8.3709
7.8616
6.3204
6.5431
6.9787
6.9821
9.0421
6.9533
6.776
7.4563
7.4459
8.532
8.7548
8.4956
9.2096
10.3044
11.5843
11.9597
11.9844
11.8979
11.8722
12.0382
11.9094
11.924
11.3481
11.0229
9.6673
9.2545
9.3505
11.4711
11.2315
11.5812
12.1294
11.9069
12.1503
12.1863
11.8555
14.3491
11.9408
11.9265
11.9006
12.128
11.9852
12.0587
11.9519
12.4259
12.555
12.1903
12.034
11.8542
12.0352
12.2596
11.8205
12.0634
12.3975
12.1673
12.6669
12.1173
11.9339
12.3088
12.7937
14.3297
14.1665
14.9182
14.2455
14.2089
13.9733
11.4211
12.0337
12.4703
12.086
11.9041
12.2763
12.0535
12.3142
12.0624
11.7273
12.34
11.9749
12.4891
10.7868
11.8736
6.7052
7.4628
8.2973
7.0344
6.3915
7.5125
6.6465
6.7747
6.4263
6.3991
6.0633
7.3115
6.8043
6.9589
6.4654
7.3661
7.2182
6.0429
6.1489
6.1474
5.8525
6.164
6.5878
6.7901
6.5038
6.0717
6.6279
6.8523
6.6878
6.2795
6.2635
6.2125
11.4372
11.6532
11.8728
11.851
11.568
12.1104
11.8889
10.6391
6.6087
8.7079
7.2957
6.8852
7.0853
7.6913
7.5421
10.653
11.1559
11.6092
11.0452
11.4515
11.8182
11.583
12.0376
11.8405
11.7685
14.5611
11.9255
11.8782
12.2731
11.905
11.9818
11.532
11.6739
11.9614
11.7698
13.6638
13.9688
13.6958
14.1684
13.7604
14.2465
14.132
13.546
13.9342
13.6578
13.5885
13.8636
13.7685
14.2728
10.6968
6.5409
6.3868
6.1813
6.0464
6.0374
5.92
6.6758
7.1237
6.6151
6.9561
6.8091
8.4684
9.2219
9.4464
6.7126
6.8585
7.5172
6.8176
7.0871
6.4914
6.3789
6.7771
6.1075
6.194
6.1024
6.6636
9.2701
6.9996
6.782
7.1968
8.7789
10.7399
11.4212
11.582
11.5799
11.5625
11.6466
12.0464
11.533
11.6214
11.4644
11.5098
9.4416
9.6941
9.0653
9.5598
11.635
10.6768
9.7877
12.7025
12.0931
11.9656
12.3387
11.7743
11.8987
14.3554
14.0109
14.3929
13.8436
13.9749
14.1308
14.1423
14.7201
14.1653
15.5315
14.2373
18.301
14.9844
17.5096
14.8715
19.2447
16.2768
14.155
13.9743
14.0753
14.1094
16.0093
14.0572
13.8115
14.2427
13.9769
14.4971
13.8906
14.0127
10.9798
8.4108
11.3535
12.1857
11.6528
12.6892
11.9903
12.0513
16.0557
16.0021
13.7918
7.3675
7.0335
7.099
7.0105
6.9543
6.941
6.8466
6.9898
6.986
7.4513
6.7814
6.7304
6.7426
6.85
6.6023
6.3931
6.438
6.606
7.5784
6.7331
7.1914
6.4548
6.9185
8.7503
8.2567
7.5931
6.9774
7.7417
7.9928
7.3341
6.8016
7.861
7.0192
7.425
8.464
7.2221
8.3632
7.0374
7.4203
6.7582
6.7269
6.704
6.5702
6.5282
6.6823
6.524
6.3458
6.789
6.4756
6.3356
6.4799
11.9891
10.3608
6.4457
7.5562
6.4017
7.1769
7.0138
6.8807
8.1439
7.1413
6.719
6.295
6.3528
6.6679
6.6237
6.4004
6.165
6.3425
6.8032
6.88
6.5279
6.8588
7.1409
8.2698
7.2976
6.6161
6.2706
6.5903
8.807
6.66
6.9462
7.5176
8.6633
8.5441
6.7755
6.5591
6.909
8.7248
7.2848
7.7095
8.7975
11.1717
13.9031
15.1242
14.8813
14.8159
15.4976
15.9752
17.2089
16.4603
14.8361
15.0689
15.3874
14.8171
15.4263
15.139
11.4813
7.1138
6.7275
6.9011
6.8106
7.8893
6.6438
6.2245
6.3991
6.5013
9.1014
11.6235
11.5561
11.8584
11.7459
11.8792
12.1544
11.5764
13.0721
13.2539
12.5771
12.4447
12.256
12.4685
12.7995
12.4392
13.966
13.5028
12.64
12.5944
7.0628
6.3715
7.0544
8.1356
6.9487
6.459
7.4421
7.1957
11.3904
11.6148
11.5039
11.5253
11.6206
11.6528
6.953
6.8267
6.3854
7.4575
7.6097
8.0654
7.4564
9.19
10.8922
10.588
11.5339
11.6765
11.7925
11.8023
11.4729
11.5015
11.3786
11.5714
11.308
11.1823
11.4106
11.8282
12.8648
11.8712
11.8863
14.3337
12.72
11.9689
12.6394
12.1561
13.892
12.3855
11.7072
12.3075
11.6445
11.5729
11.7819
11.5165
11.7819
11.6585
11.5806
11.9302
11.793
11.7507
12.0731
11.7193
11.5825
12.1377
11.9153
11.6253
6.9994
5.9375
6.6204
6.6457
7.4325
6.8434
6.7637
7.4044
7.0818
7.2434
6.8562
7.0057
6.8504
6.515
7.8364
6.9399
6.8867
7.4133
6.8702
9.277
11.739
11.493
11.5657
11.2424
11.3689
12.0586
11.609
11.5741
11.6357
11.6831
12.0011
11.5786
13.4083
12.6882
13.2319
10.8227
10.6466
9.6319
8.5375
7.0807
8.0956
7.5306
7.7814
8.0139
10.6918
8.5066
9.737
12.234
12.2049
13.9147
14.2545
14.0029
15.3056
14.1198
14.2443
13.959
14.1438
14.5627
13.9175
17.0755
14.1009
14.2684
13.6028
14.0285
13.6485
14.0838
14.3029
13.9133
14.5308
14.3134
13.9956
14.2248
10.2696
9.836
9.6328
9.6271
9.3266
9.6887
12.1205
11.9549
12.8738
11.8377
11.9693
11.5881
12.1351
12.2395
11.5981
11.921
12.2027
12.2589
11.9153
12.3759
11.9766
11.7641
11.9956
12.173
13.5152
26.4824
15.7688
15.9102
15.9618
15.4016
15.668
15.568
15.7665
15.4035
15.654
15.4091
15.8971
15.2786
15.4602
15.2714
15.8387
15.942
15.7728
13.3364
11.0291
8.972
9.9257
12.0927
11.5866
10.7277
7.3175
7.0911
7.3531
7.9926
7.4429
6.9647
6.9835
7.9816
7.124
7.0208
7.3488
7.5874
6.7682
6.6215
6.6658
7.2352
7.2195
7.0846
6.5756
6.7608
6.6879
7.1677
7.2905
6.5059
6.7896
6.7108
6.9156
7.1071
6.7785
6.6701
6.6388
6.7869
6.6097
6.5905
6.7427
6.7418
8.879
7.8005
6.8651
7.0552
6.4938
6.4166
8.6182
6.5235
6.7159
7.4304
6.7121
6.112
6.7874
6.6698
7.5432
7.9627
9.3248
9.7844
7.3681
6.6606
6.4829
6.7097
6.9425
7.2606
6.9268
6.733
7.9659
6.7055
7.5289
6.8252
6.6623
6.881
6.5638
7.3014
7.842
6.6765
6.734
7.5164
6.8628
6.9773
7.1937
7.7246
8.0982
7.4157
8.0047
8.1205
8.819
9.6508
12.6211
17.3756
18.3435
7.2973
6.7663
6.6237
6.8969
7.5999
9.6177
11.676
11.5375
12.2672
14.0119
15.1304
14.7368
14.5899
14.463
14.4056
14.9379
15.6494
13.8793
13.6081
14.0576
13.5572
10.8913
8.0986
6.7206
6.4696
7.3063
7.4918
9.7742
8.3169
7.6899
9.3239
11.1574
