6.482
4.7613
4.7273
4.6754
4.8331
4.9584
4.8022
4.435
4.4538
4.4051
4.2283
4.2624
4.5562
4.4882
4.3446
4.3878
4.4506
4.2109
3.7005
3.852
3.5942
3.4694
3.6444
3.4203
3.4371
3.6655
3.0244
3.1853
2.8845
2.7748
2.8564
2.7003
2.6435
2.5753
2.6071
2.366
2.5043
2.3321
2.7645
2.7024
2.6521
2.7153
2.6484
2.5889
2.7041
2.6683
2.7077
2.5293
3.0625
2.9408
2.9339
2.8647
3.4537
2.863
3.0863
3.2524
3.6504
3.3063
3.9451
3.313
3.838
3.893
3.8085
3.8586
3.7677
4.0279
4.1446
4.2471
4.2909
4.2491
4.3292
4.0944
4.2734
4.2847
4.1613
4.1531
4.2775
4.3829
4.2384
4.1134
4.3962
4.3215
4.2217
4.3344
4.5291
4.3732
4.2111
4.312
4.6595
4.2768
4.2216
4.5214
4.3331
5.205
4.3758
4.4501
4.277
4.2229
4.2543
7.1078
4.2304
4.5423
4.7422
4.8759
4.8346
4.757
4.6771
4.7877
4.754
4.5296
4.6316
4.511
4.3917
4.4596
4.4532
4.6378
4.2201
4.828
4.5586
4.4598
4.5437
4.6163
4.594
4.6444
4.7894
4.8083
4.5431
4.438
4.5134
4.539
4.54
4.5394
4.5166
4.4392
4.5475
4.4761
4.562
4.5918
4.5819
4.5264
4.2829
4.344
4.0786
4.5153
4.2047
4.5724
5.3406
4.455
4.4082
4.8691
4.8022
4.6895
4.7374
4.825
4.7119
4.7522
4.7342
4.7486
4.8615
4.5331
4.4981
4.3903
4.577
4.3978
4.4891
4.591
4.4967
4.3908
4.6388
4.6679
4.4986
4.2682
4.2741
4.115
4.186
4.3513
4.6014
4.6641
4.4581
4.5255
4.3726
4.2398
4.3818
4.5678
4.271
4.2142
4.121
4.2656
4.2495
4.262
4.1563
4.2253
4.2731
4.2801
4.0957
4.1854
4.1806
4.5831
4.2972
4.2693
4.3318
4.4159
4.3098
4.2399
4.3622
4.2299
4.3274
4.4531
4.425
4.2957
4.4704
4.3507
4.1989
4.2702
4.16
4.4147
4.2339
4.1775
4.332
4.2449
4.265
4.228
4.1924
4.337
4.4702
4.5549
4.2803
4.3569
4.2469
4.1917
4.256
4.2212
4.1541
4.1791
4.6497
4.2465
4.3122
4.2268
4.1086
4.2205
4.2082
4.2514
4.3663
4.1633
4.1289
4.2616
4.2616
4.1654
4.2152
4.2355
4.5327
4.4979
4.4182
4.5172
4.4358
4.5336
4.4713
4.4684
4.7329
4.5454
4.4967
4.6451
4.6303
4.5264
4.5806
4.5513
4.5758
4.5388
4.4536
4.3016
4.2509
4.2464
4.4712
4.4424
4.1858
4.1209
4.258
4.2608
4.1029
4.3654
4.2724
4.2741
4.5997
4.2786
4.2198
4.2313
4.2871
4.3206
4.233
4.2224
4.6701
4.4
4.2283
4.3618
4.2636
4.341
4.1532
4.4302
4.7101
4.2172
