5.3875
2.9554
1.9031
1.6096
0.9881
1.6326
1.0755
1.6479
1.9585
1.1131
1.0984
10.9869
0.9854
1.0578
1.1065
1.0786
1.102
27.6264
1.0565
0.9632
0.9921
1.0518
8.658
1.1851
2.0986
1.1009
4.7381
4.7195
4.3484
1.1204
1.1233
1.2658
3.0878
2.0855
1.1033
1.1588
1.154
1.3854
1.117
1.215
1.1586
1.1693
1.1702
3.0814
1.2153
1.1495
1.1616
1.1396
1.1698
1.1754
1.1123
1.1511
1.1527
1.1142
1.1876
1.161
1.1471
1.0693
1.1709
2.2673
1.2074
1.1372
1.162
1.1546
0.9262
0.8457
0.9469
0.8994
0.9374
0.8904
0.9371
0.8915
0.9083
0.9325
0.8387
0.8391
0.7444
0.7699
0.7696
0.8072
0.7313
14.4949
0.6383
0.6151
0.6167
0.6243
0.6695
0.6273
0.6181
0.6485
0.6342
0.6075
0.6523
0.5238
0.4642
0.5422
0.6167
0.4822
1.1804
1.5149
0.6841
0.6093
0.6293
0.5913
0.57
0.5942
2.7999
2.3736
0.8356
0.4163
1.1931
0.6849
0.4671
1.4464
0.528
1.7682
0.7847
0.8236
1.1328
0.5241
1.5635
0.5031
1.5671
0.5564
1.7513
1.359
0.5674
1.5074
1.0926
1.0266
2.7129
0.6907
1.439
0.7591
2.3757
0.741
1.8279
0.7459
0.6879
1.4845
0.7743
0.5663
0.8626
0.8
1.8943
1.18
0.6284
1.944
0.6553
1.7028
1.2137
0.6415
1.4416
0.7473
1.5496
1.4397
1.3343
2.0019
0.6631
2.4611
0.9515
0.8156
0.7933
0.836
0.8023
0.7542
1.4575
0.7309
2.04
1.8941
3.3414
0.9451
0.8204
2.1316
0.6526
0.6712
3.8933
0.7933
0.922
0.7774
1.2714
1.1405
0.773
0.7129
0.7732
0.6625
0.849
1.0674
0.7598
0.7053
0.6878
0.6235
0.6853
0.6915
0.7305
1.5582
1.2257
0.9396
0.6973
0.6794
0.9555
0.8118
1.9741
0.7558
0.7775
1.3706
1.6914
0.7683
0.7718
0.7241
0.7097
0.8642
2.6877
2.0023
0.7176
0.8338
0.883
0.8214
0.6969
0.859
1.4986
0.7955
0.9076
1.7188
0.9327
0.8353
0.8028
0.7629
0.8169
3.2951
2.7072
2.9641
1.2821
0.9515
1.0352
1.9564
0.9855
1.7446
3.1679
0.8824
4.4216
0.9034
1.6354
1.0423
0.8511
0.7938
0.922
0.974
0.874
2.4877
4.3527
3.1537
0.9229
0.7994
1.0168
1.9992
5.7566
1.585
0.7738
0.8437
0.8067
0.8689
0.816
0.9173
1.0871
0.8003
3.1405
2.233
0.7865
0.8904
0.8248
6.718
0.9247
1.1585
0.8885
1.1614
0.9095
1.1243
1.1484
1.0723
1.2107
1.499
1.4179
1.3259
1.2989
1.5147
1.3926
1.618
1.4973
1.4572
1.6827
1.4932
1.7707
1.7059
1.6629
1.7609
1.7492
1.754
2.0166
2.0888
