14.4066
3.3633
0.5979
0.5859
0.6829
0.5591
0.5379
0.5667
0.5525
0.6203
0.5029
0.5614
0.5777
0.5508
0.5774
0.5483
0.5611
0.5267
0.525
0.5415
0.5583
0.5561
0.5556
0.4383
0.5221
0.4682
0.3203
1.0985
0.5965
0.9537
0.591
0.3505
2.2707
1.0107
0.9384
0.6813
1.1042
0.3958
1.33
1.4301
0.9102
1.3253
0.4381
1.3518
0.9354
0.5942
1.384
0.9534
0.4886
1.4197
0.7342
0.7848
1.1691
0.566
1.4691
1.063
0.5905
1.6161
0.5618
1.7193
0.8588
0.8723
1.0913
0.5904
1.6859
1.1548
1.1215
0.9131
0.8324
0.8766
0.6503
1.335
0.9403
1.2737
0.6808
1.6519
1.1928
1.4179
1.3941
1.4405
1.6344
1.1902
0.8959
0.9828
1.2021
1.1393
1.0108
0.9398
0.9957
1.1947
1.2699
0.7947
0.7986
2.9761
1.8557
1.69
1.1735
0.9767
0.925
0.8981
1.5113
0.8083
1.6292
1.3911
1.6245
1.7172
1.524
2.1991
1.2068
2.2537
0.9738
2.4684
1.3451
1.6365
0.9002
1.6448
1.1992
1.2502
5.0365
1.0096
0.9694
2.8216
1.9879
0.9347
0.9891
4.284
1.0131
4.1033
1.8258
1.4581
1.7485
1.1829
0.9758
2.5324
1.1367
1.1567
1.0951
1.126
1.1189
1.2295
1.0681
1.1063
1.1045
1.1255
1.1058
1.0889
1.1626
1.1705
1.1903
1.1456
1.164
1.3399
1.0962
1.1537
1.2289
1.2788
1.148
1.0992
1.1326
1.176
1.1716
1.1475
0.9929
5.8901
9.072
1.2025
1.3817
2.3454
2.702
8.5964
2.2436
2.4346
32.929
9.6453
2.2979
3.2388
2.2878
2.3838
6.4759
2.318
2.3267
3.194
2.3976
2.3811
2.3406
2.2831
2.3187
2.4268
2.2988
2.4733
9.1792
2.3086
2.321
2.3416
2.288
2.2769
2.2865
2.2958
2.3726
2.3133
2.2647
2.3891
2.2828
2.3037
2.2413
2.3245
2.2489
2.2589
3.0813
2.2143
2.2674
14.179
2.2531
2.5911
2.3535
2.3032
2.3721
2.276
2.2876
2.3054
2.3
2.2296
2.2011
2.234
2.2586
4.2358
2.2985
2.2367
2.2129
2.2582
2.1614
2.3185
2.2169
8.0909
2.2191
2.2364
2.1985
2.1926
2.1569
2.1859
2.2192
2.0565
2.1693
2.0603
2.1874
2.0707
2.0651
2.0602
2.0447
2.041
2.0755
2.0748
2.1042
2.0705
2.0559
2.8326
2.2265
2.0569
2.1061
2.1029
2.1071
2.0541
2.0609
2.2064
2.4005
2.2615
2.1832
2.1773
2.1239
2.0822
2.1055
2.1667
2.1541
2.0931
2.14
2.118
2.0524
2.1308
2.0307
2.0803
2.0602
2.1121
2.0604
2.0668
2.1123
2.0911
2.2341
2.6757
2.1156
2.1362
2.1125
2.2219
2.0986
2.1264
2.9849
2.1324
4.4276
2.1669
2.1521
2.2605
2.1535
2.0974
2.1296
2.1152
2.1587
2.1634
2.1681
2.2184
2.1606
2.1335
2.1977
2.1029
2.1412
2.1977
2.2085
2.2208
2.2927
2.287
2.1955
2.1883
2.2722
2.3431
2.3172
2.3027
2.293
3.0106
5.5955
2.3068
2.2879
2.3162
2.378
2.3789
2.3787
2.3621
2.3162
2.3032
2.2678
2.3009
5.4792
2.4067
2.3593
2.3034
2.2951
2.3031
2.3657
2.3262
2.3518
2.3569
2.2928
2.3167
2.325
2.3159
2.392
11.3409
2.3332
2.2778
2.2888
2.3074
2.3248
2.3878
2.3066
2.3315
2.4084
2.4163
2.3421
2.074
2.2746
2.3204
2.1996
2.1791
2.3114
2.27
2.2214
2.3968
2.279
2.2926
2.3487
2.1472
2.1839
2.2392
2.3015
2.3232
2.2702
3.3151
2.4763
2.2801
3.7815
5.1684
2.3974
2.4061
2.4122
2.4186
2.4351
2.361
2.3436
2.3282
2.2848
2.4368
2.3664
2.382
2.3858
2.3197
2.3668
2.2726
2.3267
2.3567
2.3554
2.3292
2.3672
2.233
2.2914
2.3139
2.4047
2.3608
2.3187
2.2456
2.2741
14.9432
2.2323
2.3131
2.2227
2.1485
2.1373
2.1149
2.1737
48.8788
15.6466
1.4102
1.3826
1.3385
1.3456
1.3462
1.3119
1.3024
1.2907
1.3129
1.3328
1.2732
1.3325
10.0281
1.3497
1.3015
1.3056
1.281
1.2724
1.2751
1.3427
1.2
1.2982
1.3487
1.4461
1.5757
1.4212
1.3752
1.316
1.3033
1.3487
1.3314
1.2946
1.3552
1.4231
1.3253
1.3012
5.3729
1.2824
1.2915
1.4114
2.4348
2.4285
2.4355
2.5425
2.5308
2.491
2.4336
2.5033
2.4921
2.4539
2.5386
2.4631
2.4344
2.4414
2.4419
2.4887
2.5096
2.5043
2.4461
2.4147
2.3607
2.3545
2.5763
16.5645
5.9876
15.5513
2.4795
2.677
2.4514
2.3744
2.3712
2.4355
2.3984
2.407
2.367
2.3844
2.494
2.4193
2.4927
2.4625
2.4046
2.3923
2.3919
2.4712
2.4311
2.5114
2.4875
2.5194
2.403
2.3957
2.422
2.47
2.4717
2.3753
2.7322
2.5575
2.5279
2.5133
2.624
2.4337
2.3644
2.3394
2.3221
2.3871
3.227
2.3398
2.3814
2.3632
2.3521
2.3686
7.2566
2.431
2.3689
2.3422
2.4059
2.3326
2.4016
2.6007
2.3093
2.3303
2.3629
2.296
2.3254
2.3321
2.3818
47.5529
2.3834
2.3727
2.3442
2.3243
3.1466
2.3816
2.3825
2.3491
2.3553
2.276
2.2284
2.1844
2.2614
2.2063
2.255
2.1902
2.2719
2.1846
2.2003
23.4315
2.234
2.2483
2.2074
11.7051
2.2347
2.2833
2.2743
2.2143
2.2367
3.1831
34.6219
1.4729
1.462
1.369
1.349
1.3291
1.3201
1.3196
1.2897
1.3183
1.2186
1.2941
1.3264
1.2851
1.5534
1.2559
1.4288
1.3291
1.271
1.2654
1.292
1.3327
1.2717
1.2589
1.3007
1.457
1.2991
1.2788
1.2915
1.3745
1.3317
1.3109
1.3371
1.3138
1.2854
1.2211
1.2081
1.2517
1.3235
1.2977
1.3395
1.3021
1.3355
1.2919
1.2781
1.2889
1.2644
1.309
1.2334
1.3638
1.3966
1.3646
1.3817
1.3125
1.3007
1.2808
1.2606
1.2781
1.3285
1.2777
1.2362
1.2743
1.2913
1.3318
1.2872
1.2742
1.3695
1.3
1.3023
1.3544
1.4629
1.2882
1.3348
1.3035
1.3988
1.3698
1.2792
1.3106
1.3126
1.3212
1.3766
1.5971
1.4156
1.3748
2.0296
1.4109
1.4141
1.395
1.4241
1.3665
1.3744
1.4306
1.3357
1.3703
1.419
1.4107
1.3926
1.3906
1.4263
1.3605
1.3897
1.3465
1.3706
1.3368
1.3568
1.3972
1.4136
1.3324
1.3288
1.3125
1.2628
1.2893
1.3178
1.34
1.3509
1.2668
1.2617
1.3947
1.315
1.2733
1.2918
1.5442
1.3799
1.4815
40.8068
1.4803
1.4632
1.5462
1.5084
1.5224
1.5019
1.4689
1.5033
1.6373
1.5243
25.4071
1.5051
1.8338
1.5582
1.46
1.4274
1.4396
1.3653
1.4279
1.4423
6.5552
1.5486
1.4648
1.4184
1.4868
1.4778
32.3071
1.6433
1.5884
1.6268
1.6914
1.6215
1.7112
1.6209
1.564
1.522
2.2062
1.6382
1.6044
1.6302
1.6674
1.6237
1.6126
1.6431
1.6343
1.652
1.5252
1.4454
1.3544
1.5164
1.4343
1.4606
1.5674
1.6689
111.2493
2.5611
2.583
2.5902
2.7063
2.5813
2.5889
2.5935
18.206
2.5617
2.6138
3.506
15.6246
2.5865
2.6147
2.5965
2.5114
2.5836
2.6134
2.5935
2.6518
2.5937
2.5471
2.591
2.5828
2.5924
2.6604
2.5415
2.6098
22.2014
2.625
2.5951
2.98
2.5916
2.473
2.6769
2.6069
2.7192
