0.9155
0.89
0.8277
2.9229
7.0952
2.5048
0.8238
4.9332
4.8053
1.6087
0.8597
1.1599
0.8069
1.204
1.7589
8.447
0.7709
0.814
1.572
4.7255
0.7738
0.9193
0.9358
1.3521
0.9141
44.2397
2.0609
2.0974
2.0695
2.0993
2.0388
2.0849
2.0368
2.2911
2.0147
2.0037
2.0199
2.0242
2.1133
2.1252
2.0361
2.0181
2.1109
2.0766
2.0905
2.071
1.9958
2.139
2.0554
2.0922
2.0783
2.1761
2.1353
2.0348
2.0894
1.9558
2.0007
2.0689
2.1267
2.0901
2.0089
2.0261
2.1132
2.1277
2.084
2.1004
2.1321
2.1036
2.0027
2.0135
2.0456
2.0263
2.0906
2.0959
2.1063
2.1145
2.0201
2.0711
2.0939
2.0183
2.0712
2.0722
2.1091
2.1131
2.0219
2.0497
2.15
2.1859
2.0839
2.1058
2.1343
2.0808
1.9621
2.0672
2.816
2.0501
1.9855
2.1126
2.1286
2.1226
2.1037
2.0163
2.0988
2.0597
2.1498
2.0816
2.0778
2.0097
2.1323
2.0768
2.0933
2.1426
2.122
2.1138
1.9725
2.0223
2.0057
2.0221
2.1494
2.1649
2.0947
2.0905
2.0738
2.1578
2.2606
2.1957
2.1487
2.1672
2.1708
2.2668
2.1048
2.2009
3.1074
2.1798
2.1695
2.1503
2.1833
2.1508
2.1579
2.1987
2.2593
2.1931
2.1485
2.2216
2.1246
2.138
2.2053
2.126
2.1403
2.1394
2.1402
2.0272
2.1658
2.1798
2.079
2.1278
2.0973
2.0379
2.0608
2.1602
2.1898
2.0881
2.1585
2.2695
2.0731
2.8818
2.2224
2.1057
2.1734
2.0848
2.111
2.1154
2.1454
2.156
2.1768
2.1046
2.1654
2.1212
2.1024
2.0757
2.1348
2.0653
2.0391
2.0645
1.9877
2.2143
2.0982
2.1033
2.1104
2.097
2.0958
2.1028
2.1337
2.189
2.2022
2.1652
2.1315
2.1553
2.1697
2.1952
2.1321
2.0523
2.1542
2.1629
2.1082
2.162
2.194
2.1297
2.0961
2.0787
2.0924
2.3618
1.9889
2.1223
2.0756
2.0976
3.034
2.0925
2.2263
2.0322
2.1048
2.127
2.1834
2.1345
2.1602
2.1331
2.1555
2.1462
2.1714
2.1414
2.1287
2.0205
2.0405
2.1662
2.1533
2.0981
2.1266
2.1048
2.1566
2.0863
2.1472
2.0446
2.1623
2.0835
2.0843
2.0881
1.8881
1.87
2.0671
2.0397
2.1064
2.0736
2.1328
2.1279
2.1514
2.066
2.0227
2.0848
2.1429
2.0784
2.0844
2.1472
2.1531
1.9768
2.1442
2.1117
2.1327
2.0358
2.1159
2.134
2.1676
2.1166
2.1113
2.2389
2.1125
2.0888
2.8266
2.0619
2.0676
2.04
2.1463
2.0547
2.1318
2.1186
2.1538
2.1534
2.211
2.1325
2.1596
2.0562
2.0535
2.0991
2.1508
2.1489
2.0992
2.0383
2.1399
2.0576
2.1612
2.1618
