1.6221
1.388
168.2572
1.4139
1.3777
1.6258
1.46
1.41
1.4015
1.3762
1.4805
1.3745
1.5038
1.3676
1.3651
1.4683
1.2751
1.3171
1.2912
1.9229
1.2838
1.2962
1.295
1.2635
1.3092
1.344
1.3067
22.3574
1.4752
1.3553
1.4156
1.3905
1.4947
1.4146
1.5819
1.5071
1.5245
1.4712
1.4618
1.4561
1.4468
1.4978
2.0196
16.3744
1.4995
1.4712
10.9681
1.6609
1.6486
1.7177
1.6255
1.717
1.599
1.6038
1.5364
1.5383
1.567
1.6294
1.6147
1.5926
1.5914
1.7344
1.6005
1.5853
1.663
46.692
1.522
1.4774
1.5083
1.5517
1.3959
1.4489
1.6239
1.5319
1.4723
1.4836
1.4992
1.4017
1.4749
1.4722
1.5065
1.4712
1.4562
1.6758
1.5205
1.4918
1.4588
1.5085
1.4616
1.6164
1.5137
1.5243
1.4637
1.4376
1.4906
1.4999
1.4663
1.4954
1.4975
1.5558
1.6254
1.6301
1.744
1.6332
1.7414
1.7477
1.7954
1.8858
1.7619
1.7934
2.1677
2.1119
2.1387
2.1481
2.461
2.3948
2.3519
2.4935
2.5235
2.5014
2.5695
2.4549
2.6076
2.6615
2.5575
2.5704
23.4159
2.674
2.5903
2.5804
2.5773
2.5947
13.8368
2.5951
2.5799
2.6341
2.6841
46.8257
2.6013
2.639
2.5809
2.5964
3.5154
2.8046
26.6056
2.6062
2.6353
2.5601
2.5516
2.5754
2.6352
2.6224
2.6455
2.5531
2.6322
3.6695
2.7281
2.7526
2.7213
2.8268
2.698
7.186
2.8613
2.9142
2.8123
3.8947
2.8413
2.8319
2.7896
3.1442
3.7993
2.8275
2.8077
2.8022
2.7931
2.8269
2.7752
2.8074
2.8212
2.7666
2.7647
2.6808
2.7703
3.5742
2.7882
2.7002
2.8123
2.8578
2.9816
2.6821
2.6815
4.5823
3.5663
2.8803
2.8434
2.7527
2.8973
2.7442
2.7489
2.7439
2.7362
2.8367
2.6803
2.8049
2.781
2.7539
2.7518
3.7109
2.7805
2.9836
2.876
2.781
2.9419
2.8855
3.9372
3.835
2.9399
2.9674
3.6966
3.0838
2.9474
2.9016
3.0018
2.8732
2.9321
2.8502
2.9435
2.8074
3.561
2.7897
2.7296
2.7867
2.7865
2.8726
2.7086
3.6422
2.8759
2.742
3.7821
2.8739
2.8834
2.8268
2.7741
2.8254
2.8494
2.9715
2.8811
3.4411
2.6319
2.9213
2.6909
2.6683
2.5939
2.7086
2.7577
2.6679
2.7618
2.6772
2.6495
2.554
2.6199
2.6705
2.751
2.6952
2.6808
2.7098
2.6788
2.8904
2.679
2.8625
2.7043
2.938
2.7998
2.7441
2.9171
2.7599
3.7526
2.8709
2.8337
2.8746
2.8111
3.7559
2.8419
2.7994
5.5169
3.0622
3.0999
2.907
2.8663
2.9595
2.9069
3.7383
2.8759
2.9107
2.957
2.9046
3.0632
2.9649
2.8891
2.8938
2.9551
2.9051
3.7495
2.9237
2.8467
2.8434
2.9311
2.8081
5.0508
2.7309
2.7591
2.9938
2.7773
2.8367
2.85
2.8443
2.8259
4.9623
2.8224
2.8752
3.1461
2.8551
2.8446
2.8972
2.85
2.8588
2.8892
2.8536
2.8076
2.937
2.8342
2.7949
2.8077
2.7129
2.8097
2.8744
3.5378
2.7969
3.0111
2.9691
2.7897
2.9473
2.8104
2.9524
3.1405
3.1159
2.9511
3.0032
2.8548
2.9564
3.7252
2.9137
2.8613
2.8287
2.8988
2.944
2.8008
3.1037
2.75
2.9906
3.014
3.7428
3.0592
3.0619
3.0081
3.1648
3.0779
2.9804
3.1256
3.0091
3.0089
3.8764
2.987
2.972
2.9698
3.0193
3.0363
3.0666
2.9753
2.9608
4.1351
3.1048
3.0712
3.1368
3.0396
3.0117
3.0594
3.0053
3.0841
3.0406
2.9824
3.1215
3.1204
3.018
2.8406
2.8673
2.8864
2.8549
2.8556
2.869
2.8805
2.8499
2.8844
2.9203
2.9761
2.7565
2.8371
2.857
2.8645
2.8652
2.9278
3.777
2.8379
2.9297
2.8787
2.8388
3.018
3.1729
3.1017
3.0566
3.6401
3.0396
2.968
3.0782
3.5237
2.9353
2.8773
2.9677
3.0948
2.9725
2.8852
2.9325
2.8995
2.9546
2.9225
2.9298
2.8443
2.9046
2.8749
2.9586
2.955
2.9614
2.8881
2.9394
2.8298
2.9714
2.91
2.9771
3.0895
2.8562
3.0288
3.1505
3.0973
3.1951
3.1187
3.0169
3.0675
3.0882
3.0722
3.0743
3.1141
3.1513
3.1233
3.049
3.0922
2.9281
2.9707
2.8983
2.868
2.8941
2.9565
2.9586
2.893
2.9211
2.9229
2.938
2.8577
3.7501
2.9716
2.9429
2.8662
3.0279
2.9491
2.9406
2.957
2.8896
2.9132
2.9561
2.9152
3.0382
2.9314
2.9701
3.2831
2.9394
2.91
2.9557
2.9013
2.9143
3.0565
2.9277
2.9205
2.9626
3.7728
4.0612
2.9701
2.9042
2.9421
2.9889
2.9555
2.9625
2.9586
2.8802
2.9598
3.108
4.0138
3.1762
3.0803
3.1075
2.9631
3.0295
3.17
3.3039
3.9076
3.1486
3.1768
3.0796
3.1422
3.2344
3.178
3.136
4.0939
3.1973
4.2548
3.1683
3.2894
3.3881
3.3463
3.1604
3.4733
4.1561
3.3814
3.3325
3.2551
3.1261
3.4702
3.795
3.6219
4.4052
3.5303
3.4679
4.5591
2.5281
2.2547
1.8212
2.2916
1.7204
2.1101
1.851
1.7121
2.4672
1.709
1.7307
2.3058
1.7071
1.7504
2.334
2.0016
1.7484
1.942
1.7864
2.1386
1.8204
1.7353
1.7846
2.2374
1.7336
2.2068
1.6705
2.1585
2.0642
1.8118
1.6974
2.1448
2.1257
1.6997
1.759
1.7926
2.1461
1.6432
1.6687
1.9329
2.0606
1.8274
1.7095
1.7095
3.3245
1.6282
1.8444
1.9929
1.6286
2.4316
2.0896
1.6793
2.0225
1.6999
1.9488
1.7246
1.9675
1.7464
2.1254
1.6225
1.9726
1.7165
1.9167
1.665
2.2603
2.1135
1.7196
1.7199
2.4794
1.9245
1.683
1.8213
2.2141
1.8359
1.8438
2.3478
1.8216
1.7666
2.2205
1.7675
2.1434
1.7403
1.7766
2.2944
1.7436
1.7263
1.7234
2.2967
1.8274
1.89
1.9687
1.7881
1.8777
1.8363
1.7959
1.775
2.0563
1.7898
1.7802
2.1492
2.2919
2.0702
1.9298
2.0694
2.2248
2.1995
2.0919
2.2395
2.0551
2.3117
1.9071
2.0588
1.953
2.1195
2.1175
1.9617
2.1666
2.2794
2.2184
2.1221
2.0344
2.7352
3.0638
2.1642
2.0085
2.0595
2.3466
2.1712
2.252
2.4697
2.4464
2.4142
2.3828
2.4163
2.4219
2.4942
2.4838
2.3923
2.5196
2.3762
3.742
3.8215
3.6905
3.6896
3.716
3.6573
3.8226
5.0256
4.0882
4.0546
3.9575
4.7831
4.082
5.1388
5.6918
4.1824
4.0213
4.0974
4.0715
4.1126
3.9284
4.2361
4.0482
3.9773
5.4548
5.0258
4.1142
4.1886
4.2185
4.2093
4.0465
3.9563
3.9499
4.0373
4.0754
4.3308
4.1476
4.191
4.4574
4.1879
4.1688
4.101
4.152
4.035
3.9373
4.9797
4.2724
3.9488
4.4291
3.9658
4.0338
3.9513
4.0007
4.0778
4.0309
3.9533
4.8977
3.9341
4.0784
3.8467
3.8023
3.7581
3.8255
3.7873
3.7322
3.7435
3.8006
3.7163
3.7876
3.6654
3.599
3.5731
3.6156
4.8058
3.6129
3.5929
3.6443
3.628
3.6277
3.6799
3.5834
3.7435
4.0571
3.8394
3.915
3.7954
3.8027
3.4961
3.6743
3.7231
3.589
3.6253
3.8367
3.6396
3.4935
3.5462
3.6296
3.5229
3.6196
3.6411
3.6078
3.7876
4.0103
3.6516
3.5194
3.6685
4.2975
3.5151
3.5712
