2
3
3
4
6
6
6
6
6
6
7
9
9
10
11
12
13
14
15
15
17
18
18
18
18
19
19
20
20
21
22
23
24
24
26
27
28
29
29
30
31
31
32
33
33
34
34
35
36
36
37
38
38
39
39
39
39
39
39
39
39
40
40
40
40
40
40
40
40
40
40
40
40
40
40
40
40
40
40
40
42
42
42
42
43
43
43
45
45
47
47
48
50
50
51
52
53
54
54
56
56
56
57
59
60
60
60
60
60
60
60
60
60
60
60
60
60
60
60
60
60
60
60
60
60
60
61
61
62
62
62
62
63
64
64
65
66
67
67
69
69
70
71
71
72
73
73
74
74
76
76
77
78
79
80
80
80
80
80
80
80
82
82
83
84
84
86
86
87
87
88
90
90
91
92
92
92
93
93
93
94
94
94
95
95
95
95
95
95
95
95
95
95
95
96
96
96
96
96
96
96
96
96
96
96
96
96
96
96
97
97
97
97
97
97
98
98
98
98
98
98
98
99
100
101
101
102
102
102
102
102
103
103
104
104
104
104
104
104
104
104
105
105
105
105
105
106
106
106
106
106
106
106
106
107
107
107
107
107
107
107
107
107
107
107
107
107
107
107
109
109
109
109
110
110
110
110
110
111
111
111
111
111
111
111
111
111
111
111
111
111
111
111
111
111
111
111
111
111
111
