6.1302
4.9186
5.9389
4.9284
5.6386
4.9271
4.9967
5.5128
4.7011
4.7378
4.751
5.3916
4.6837
4.7714
4.6919
4.6862
5.3758
4.4266
4.5108
5.1472
4.9443
4.6098
4.4955
5.0726
4.4981
5.1811
5.8064
5.3739
4.9541
5.6763
4.7389
5.8739
4.7929
4.7379
5.8272
4.6613
4.5971
5.3811
4.8962
4.9189
4.9184
5.0281
4.7869
5.4791
4.6432
4.4771
5.3078
4.4723
4.8292
4.7879
4.8515
5.2077
4.4295
4.8009
5.3051
4.6454
4.567
4.5379
5.1688
4.6965
5.3788
4.5898
4.6083
6.0217
4.7822
4.9309
5.6895
4.7246
5.021
5.745
4.6645
4.5348
5.2448
4.6642
4.6451
5.2416
4.6752
5.2032
4.6864
5.2764
4.639
5.9938
5.7313
4.7623
5.0926
5.7896
5.028
5.0115
5.8073
5.0255
5.8626
4.959
4.9906
4.8451
5.4904
4.9468
4.727
5.6826
4.7921
4.6788
5.4443
4.6571
5.5077
6.5062
6.1078
4.7549
5.5193
6.0706
5.3674
4.8245
4.9009
5.4966
5.4928
5.3203
5.464
6.3119
6.1074
5.3996
5.4499
6.5957
5.4267
5.3647
5.8377
5.3973
5.1372
5.9322
4.8046
4.8297
5.6138
5.0656
5.0576
5.6337
5.0341
5.1023
5.5845
5.0309
5.405
4.9266
5.7415
4.8538
4.8726
4.8445
5.6568
5.3969
4.9057
4.97
4.8834
5.654
4.9324
4.8364
4.9448
5.6039
5.0137
5.1218
6.0221
5.2477
5.3938
4.9279
5.8313
4.9243
4.9285
5.6641
4.9973
5.5788
5.0021
5.7081
4.951
4.9041
5.5794
5.11
4.9805
5.6964
4.938
5.2027
5.7335
4.9214
5.8332
4.9891
5.7409
4.848
5.114
4.9326
5.7984
5.1432
5.0236
5.7106
5.0691
5.0159
5.729
5.3429
5.0471
5.7198
5.1352
5.0588
5.7676
5.0784
5.6765
5.1041
5.1641
5.7478
4.9458
5.1312
6.0842
5.179
5.1174
5.7842
5.008
5.2121
5.8274
5.748
5.1871
5.1608
5.1338
5.8052
5.0663
5.2633
5.1402
5.8531
5.0622
5.11
6.2985
5.7928
5.4651
6.4125
6.252
5.424
5.67
6.0192
5.1961
5.9695
5.3203
5.2104
5.9234
5.2842
5.6452
5.305
6.6996
5.233
5.2289
5.9836
5.9026
5.7396
5.4901
6.4194
5.5884
5.4859
6.7347
5.6396
5.4606
6.2837
5.3819
5.1939
6.266
5.2358
5.3529
6.2371
5.684
5.3581
6.1244
5.5918
5.4775
6.0356
5.2148
5.2251
6.1186
5.2787
5.2409
5.8423
5.2753
4.9887
5.3672
6.609
5.3994
5.3824
5.3479
5.9526
5.3284
5.5758
5.3716
6.2012
5.4939
5.3758
5.3615
6.25
5.3889
5.2924
6.2632
5.5821
5.3389
6.0426
5.7231
5.5689
6.1381
5.331
5.3903
6.0503
6.1313
5.4026
6.2057
5.3137
5.4338
6.0366
6.0206
5.6193
6.1503
5.6068
5.4099
6.1761
5.6928
5.504
6.0529
5.7617
5.5045
6.0873
6.3536
5.4987
6.0922
5.4745
6.1166
5.3642
5.5157
6.1306
5.4333
5.5395
6.2489
5.4409
5.559
6.3068
5.5779
5.5767
6.3639
5.7008
5.5431
6.2454
5.5201
5.4824
6.3131
5.445
5.5708
6.2592
5.5363
5.5987
6.2669
5.5307
5.6044
6.2031
5.6289
5.5518
6.5671
6.0843
6.0611
8.1498
9.1774
6.6112
7.4227
6.1638
6.8018
6.1707
6.2098
6.6867
5.8914
5.8625
6.9449
6.4819
7.304
6.4929
7.308
7.2687
7.4019
6.4099
6.4197
7.2049
6.3281
6.107
6.846
6.4743
6.1092
5.6889
6.4043
5.7344
5.6951
5.7123
6.4758
5.7181
5.7646
6.371
5.894
5.7889
5.8347
6.6378
5.7648
5.6948
6.7884
5.8043
5.7832
6.3976
5.7145
5.7922
7.2988
6.1328
6.1653
5.8848
7.1931
6.5254
6.4036
6.8632
6.1999
6.1881
6.683
5.9863
6.2072
6.8679
6.1493
5.8714
6.8928
5.8302
5.8481
6.5733
6.1529
6.1544
6.8819
7.4343
6.3168
6.1738
6.2562
7.3948
5.9049
5.8408
6.5602
6.0499
6.0028
5.8763
6.8842
7.0822
6.0356
5.8413
6.0464
6.6499
6.2878
5.8504
6.662
5.7301
5.9101
6.6587
5.9881
6.1468
7.189
6.2563
6.0481
7.2991
6.1635
6.0465
6.6407
6.2448
6.1522
5.9131
6.8389
5.9351
5.9869
6.6582
6.3223
5.9491
6.6726
5.9307
5.9236
6.7698
6.0569
5.9445
5.9229
5.9648
6.9213
6.6819
6.025
6.8324
6.1214
6.0668
6.8211
5.9076
6.0493
5.9926
6.8708
5.9749
6.5913
6.0355
6.6234
5.9851
6.0503
6.069
6.2196
6.8937
6.0905
6.0496
6.633
6.5902
6.0061
6.8688
6.1165
6.0799
7.0337
5.9693
6.8819
6.0808
6.2355
7.1021
6.4264
6.1338
6.902
6.1067
6.1176
7.4037
6.7281
6.3798
6.9521
6.2469
6.6658
6.4311
7.1185
6.2241
10.7991
7.2449
8.3476
7.5789
7.3033
6.2295
6.6643
7.3827
6.5808
6.503
7.3897
6.5693
6.466
7.0003
6.2135
6.1759
7.8179
6.2517
6.4255
7.0731
6.9429
6.8653
6.2959
6.2646
6.9692
6.2192
7.9058
6.7208
6.3622
7.0886
6.4255
6.6895
6.43
7.046
6.3308
6.2843
7.1408
6.2975
6.3233
6.4001
7.0481
6.5838
7.2699
6.5074
7.2414
6.3071
6.4393
7.8508
6.3659
6.3435
7.0979
6.3974
7.2929
6.6341
7.2093
6.4189
6.3905
7.7715
6.4313
6.4319
6.7956
7.036
7.5739
6.6938
6.6399
7.0683
6.3822
7.1243
6.6415
7.489
6.9645
6.9393
6.7033
6.6764
7.153
6.6013
6.5359
8.2517
6.7154
6.6584
7.6067
7.5722
9.5796
4.0725
4.3697
3.8915
4.6589
3.9465
5.3248
4.2412
3.8124
4.6744
3.8252
4.2642
3.8614
4.2548
4.3206
3.8782
5.8297
3.9513
4.3587
3.7769
4.2754
4.0896
6.8863
4.1069
4.3015
4.0135
4.3188
3.8414
4.1667
3.8629
5.2838
3.983
3.8536
4.4355
4.629
5.7561
5.6437
8.0901
7.3195
9.2204
8.6997
9.9275
8.7125
4.2211
4.9803
4.1543
4.4675
5.8936
5.4708
6.4417
5.9277
9.581
7.443
6.7514
7.5578
7.1253
8.2319
8.6315
8.4062
8.9557
8.6874
8.8995
8.4086
8.0092
8.2957
8.1528
8.0999
9.0138
8.1224
9.1013
8.1005
8.2005
9.2474
8.1183
8.4701
7.9508
8.376
8.0825
8.7616
7.9679
10.5885
8.0198
8.0608
7.8376
8.7537
7.841
8.04
8.5287
7.4515
8.2991
7.814
8.9166
7.64
7.8189
7.4867
7.7682
7.0994
6.9319
7.6897
6.986
7.017
7.8181
7.3894
7.141
8.2199
7.519
7.5693
9.0409
7.447
7.1125
7.8239
7.5051
7.2135
7.176
7.725
7.022
7.3426
7.6985
8.3246
7.2938
7.7863
7.4997
7.8877
7.0214
7.2418
8.4836
7.1936
7.2068
8.5073
7.7633
7.4015
7.7905
7.1387
7.1077
7.9991
7.176
7.1406
7.8864
7.5564
6.9315
6.9932
7.9237
7.007
7.5052
7.2281
7.9672
7.2225
7.2783
7.2892
7.8942
7.2856
7.1753
8.3016
7.2336
7.3742
7.9471
7.4877
7.1886
7.3029
7.1938
7.7845
7.8958
7.1303
7.9695
7.1213
7.1618
7.5344
8.9874
8.6763
8.4438
9.2703
8.2718
8.1075
8.4932
7.7167
7.6099
8.2177
7.2882
8.0706
7.4892
8.5493
7.6994
7.9828
7.6181
7.4407
7.9124
7.5226
7.3412
7.4254
8.0016
7.4694
8.0084
7.4773
8.1082
7.2754
7.5499
7.3576
8.073
7.3843
7.5981
