6.1139
5.0003
1.757
0.8525
2.3528
2.2617
0.8724
1.5562
0.7551
0.605
0.6311
1.9712
2.5591
0.8113
0.7132
0.674
1.9696
1.7365
0.9543
1.3039
0.685
1.8926
1.3392
1.3736
0.7177
1.8697
0.6938
2.4169
0.7121
1.3618
0.7159
1.9238
0.8064
1.7512
1.1791
1.4097
0.7496
2.2007
0.8065
1.7652
1.0489
0.7823
2.008
0.7608
1.9994
0.8212
1.7456
1.1081
1.9701
0.8597
1.3923
1.666
1.4399
1.2157
1.201
0.7894
1.9352
1.8922
0.8353
2.0612
0.8364
2.4124
0.8578
2.2292
0.8648
1.7292
1.1079
0.8296
1.1603
1.308
1.6808
1.6135
0.8955
2.6928
0.9235
1.997
1.3362
1.3204
1.2871
1.6864
1.6667
1.8507
2.2005
1.5977
0.9807
2.6824
1.0448
2.0263
1.2891
2.0799
1.0375
2.0085
1.5988
0.9971
3.2003
1.1009
1.134
2.6892
1.1165
1.1595
1.0502
1.2314
1.2662
1.2222
10.2829
1.2961
1.1731
1.93
1.1497
2.049
1.4311
1.4254
1.4769
1.2106
2.7943
2.2126
1.1871
2.3692
5.0104
1.4522
1.277
1.5916
1.4966
1.3864
1.3696
1.3536
1.3904
1.2565
1.9402
1.2802
1.567
1.3929
1.4014
6.0739
1.292
1.3077
1.2898
1.2953
1.2761
1.2779
1.2079
1.3898
1.4133
1.3986
1.3651
1.2753
1.2462
1.14
1.2883
1.2242
1.1715
1.1906
1.229
1.2473
1.3858
1.4211
1.2941
1.2995
1.1722
1.1772
1.2987
1.3295
1.3919
1.25
1.2952
1.2519
1.4054
1.2457
1.3458
1.2029
1.2552
1.2906
1.2909
1.3628
1.3142
1.2326
1.4084
1.2667
1.2979
1.2693
1.2923
1.2323
1.3423
1.2793
1.38
1.4126
1.2863
1.2703
1.2579
1.2906
1.3534
1.367
1.3783
1.3725
1.2719
1.3456
1.3462
1.3701
1.2155
1.4077
1.2327
1.4074
1.3466
1.3837
1.3861
1.2344
1.4338
1.4271
1.3392
1.2842
1.3307
1.5986
1.5618
1.4637
1.4181
1.4336
1.5571
1.5046
1.5777
1.5998
1.7064
1.5945
1.7007
1.7859
1.8241
1.9031
1.9115
1.9308
1.9609
1.8915
2.0257
1.9023
2.221
1.9007
2.2115
1.9302
1.9859
1.9417
2.4295
5.1007
3.2163
2.1716
3.8999
2.4726
3.1026
2.6247
3.1238
3.5126
2.8944
1.9176
2.4661
2.1544
2.4876
1.7073
2.5879
3.1311
1.888
2.5297
1.7228
1.8017
1.634
5.2925
2.9499
1.9808
5.591
1.9733
3.6578
1.7084
3.3064
2.5234
3.0262
1.5323
2.0087
2.6897
8.3827
1.6467
1.6921
1.6318
2.2745
7.4755
2.4007
4.3779
1.6667
3.7724
3.7954
3.7172
3.314
3.2932
3.2604
3.6113
2.8306
3.4787
1.778
3.2686
4.2579
2.6174
2.001
4.3101
2.3406
2.4437
3.4108
3.0542
2.6398
3.13
2.6912
2.141
3.4348
3.2235
1.6037
3.56
1.762
2.1577
2.0565
1.613
1.5213
1.7314
1.6863
1.6237
1.784
4.01
1.9843
1.7579
1.9896
3.3394
4.0841
3.2541
3.8454
3.7525
2.9753
6.1001
2.998
2.9634
3.0247
5.6218
3.8387
3.005
3.0136
3.025
3.141
3.0666
3.0083
2.9844
6.4063
7.6482
5.5171
5.5206
4.1565
5.8318
5.9649
5.7662
4.612
3.0796
8.3277
5.382
3.2039
5.8825
3.7436
5.785
3.4027
8.3026
4.1043
3.434
3.3865
3.6201
3.2234
3.0813
3.1232
3.2625
10.6863
4.4301
11.5318
3.4182
10.2103
3.184
5.8078
4.8046
4.8707
6.6715
6.544
4.8074
3.3698
8.461
3.2976
3.5637
4.3976
3.3913
3.3374
3.528
3.021
2.9115
2.0464
1.6134
1.6316
1.7235
3.4607
1.7196
1.8376
1.8924
1.6886
1.7823
1.9073
1.7606
1.9178
1.7396
2.2159
1.9727
2.3903
2.0076
6.3898
3.2602
3.3383
6.5442
3.3138
3.2938
3.5445
8.1478
3.3514
3.3278
7.5556
3.3685
3.4048
6.2702
3.211
3.2575
6.49
3.2414
3.2331
7.1037
9.977
3.6216
3.5156
6.9229
3.4501
3.678
7.0934
5.1858
3.4381
3.4847
10.3887
3.4929
3.7434
3.5407
5.7019
3.4327
3.3985
5.7908
3.3602
4.0337
11.5478
3.4847
3.5186
4.2576
5.8723
3.5593
4.3554
5.7399
3.3284
3.3218
4.0591
5.6142
3.4391
4.0889
6.0791
3.4344
3.2493
4.1301
5.6564
3.3222
3.2817
7.3419
3.2226
3.4343
3.3887
7.2462
3.3009
3.4783
5.5926
3.3464
4.2483
5.6712
3.2474
3.8718
5.8081
3.4168
3.4209
3.8865
5.6239
3.4274
4.2849
5.5817
3.5138
4.2407
5.7613
3.3965
3.3352
3.4739
6.7766
3.5198
6.0109
3.4664
4.0833
5.7365
3.538
3.524
7.2332
3.4858
3.3872
6.846
3.3209
3.3711
6.6012
3.4183
3.2646
6.4807
3.3624
3.3066
7.1088
3.6022
3.3711
5.6496
3.4398
4.0661
3.4156
5.5864
3.3659
3.3843
3.3437
3.3126
7.2487
3.4949
3.3489
6.1077
3.4406
3.4534
3.9713
5.8008
3.4034
3.3148
7.4228
3.6116
3.5105
6.8491
3.7832
3.5473
7.6111
3.4674
3.4884
6.8098
3.4621
3.5268
6.8961
3.4702
3.5689
7.5083
3.6758
3.5343
7.095
3.8171
3.902
3.7351
6.8011
3.9388
3.7577
8.9438
3.7674
3.9051
6.9174
3.5899
3.7528
3.6968
6.8727
3.7735
3.677
6.9064
3.9503
3.6532
3.4857
6.8688
3.7939
3.5165
3.4942
5.9572
4.0009
4.0108
9.228
4.0107
3.9148
7.6309
4.022
3.9463
7.3882
4.0211
8.2411
4.1077
3.9175
7.27
4.0094
3.9221
3.9592
7.8322
9.1394
3.906
6.1985
3.928
4.6811
7.5417
4.0031
4.0073
7.2448
3.9068
3.8711
7.0972
3.8516
3.681
4.0893
3.8999
3.8994
3.8275
3.9097
7.0155
3.8237
4.7529
6.3213
3.7141
4.3771
6.72
3.7043
3.7231
3.7199
6.6956
3.7656
3.5686
3.7399
3.6395
6.6732
3.6209
3.7547
6.7705
3.8948
3.7127
7.6266
3.8688
3.7951
7.2302
4.2034
4.5393
3.2271
2.1732
2.493
3.6253
2.1698
1.9018
3.799
2.2123
1.9485
4.1168
2.0475
1.9095
4.5311
2.3031
2.1571
5.2201
2.4059
2.3853
4.8137
2.4337
2.4296
2.3962
5.0524
2.4151
2.4285
2.4531
3.9003
2.3751
2.8269
4.694
2.9632
3.0977
4.2037
4.0584
7.3727
4.0051
4.0018
7.4273
4.3097
3.8289
3.8826
7.6174
3.9448
4.0196
4.1773
4.5686
4.9768
4.1553
3.916
4.0436
3.9002
7.4003
3.9523
3.9071
4.4051
3.9146
7.9432
4.0318
3.9058
7.0259
4.0506
5.1901
4.116
7.4995
4.1967
4.1438
8.0608
5.3422
4.3507
4.4108
4.5947
5.2149
6.6539
4.1846
4.1454
7.4748
4.2784
4.2265
7.3943
3.9658
4.0496
7.43
4.1868
4.3435
4.263
8.0256
4.1192
5.2993
4.2336
5.1013
4.2679
4.3064
4.164
7.3058
4.1495
3.9645
7.42
4.2515
4.073
3.9707
8.1665
4.2086
4.3299
5.395
4.1855
4.8883
4.233
6.4202
4.0903
3.9904
7.327
4.2456
4.2034
4.0465
7.7709
4.4751
4.0918
7.4557
4.2646
4.2664
4.2851
7.6439
4.287
4.2961
7.3252
4.3535
4.3359
4.3165
4.2847
4.3216
4.461
4.2984
4.5496
4.3826
4.3719
4.281
4.2893
4.3437
4.4139
8.9122
4.6399
4.7345
8.1158
4.742
4.5538
4.5438
8.687
6.0621
4.3625
4.3365
7.5936
4.3762
4.602
4.422
