6.315
4.5031
4.859
4.3364
4.4703
4.8225
4.6807
4.0972
4.4831
4.3824
4.081
3.8027
3.7751
5.9832
3.9695
3.9431
3.6718
3.6752
3.4166
3.2229
3.1158
3.1707
3.0923
3.1286
2.869
2.5997
2.7499
3.1138
3.5578
3.8569
2.7491
2.7456
4.3093
4.3297
5.1601
3.1477
2.8993
2.9434
2.9511
3.1964
2.736
2.6147
3.338
4.0317
3.1727
2.7506
2.6063
2.6635
2.6233
2.7196
2.6484
2.6466
2.63
2.2965
2.2537
2.4187
2.3743
2.2911
2.3379
2.2974
2.371
2.636
2.7624
2.7489
3.3105
4.5837
4.5959
4.5745
4.538
4.4084
5.0235
4.9964
4.7909
4.9184
4.9603
5.0453
4.9557
4.9836
5.0038
4.9566
4.9499
4.9068
4.9492
4.9638
4.9614
4.9943
5.057
5.1376
4.9823
4.9961
4.9664
4.9283
5.0109
4.9471
4.9738
4.8943
4.94
4.9021
4.9441
5.0147
4.9235
4.8765
4.9845
5.0307
5.0087
4.9356
5.0181
5.0398
4.9442
5.0415
4.9765
4.9518
4.9529
5.1097
5.1023
5.0908
5.1068
4.9766
4.9448
5.012
5.0331
5.0355
5.0688
4.9461
5.0284
5.0145
5.0856
5.0505
4.9792
5.164
5.0345
4.9718
5.0317
4.948
5.148
5.007
5.0418
5.0379
5.0636
4.9163
4.9365
4.9265
4.9475
5.1397
5.0607
5.0579
5.0752
5.0684
5.013
4.9813
5.0119
4.937
4.9198
4.9102
5.206
5.0658
4.8735
4.9021
4.9204
4.8611
5.3737
5.3012
5.0458
5.0205
5.1023
4.7868
4.9272
5.4033
5.0748
4.9471
5.0747
4.9064
4.9061
4.8867
4.9667
5.035
4.9665
5.0494
4.944
4.9309
4.9943
4.9229
4.9484
4.9033
4.9211
4.8964
4.8593
5.1526
5.0824
4.9998
4.9276
4.9753
5.9872
4.9699
5.0709
4.94
4.9443
5.1338
4.9766
4.9336
5.0173
4.9454
4.9216
5.0587
4.9488
4.9621
4.9808
5.0357
5.012
5.0175
4.8787
4.9512
5.0289
4.9719
4.9265
5.0048
4.9454
4.9768
5.008
4.9471
5.2608
4.9197
4.9865
4.8542
5.0124
4.9736
4.9646
5.1911
4.9585
4.9737
5.222
5.055
5.0313
6.1198
4.9621
5.0366
5.0376
4.9168
4.925
4.9394
5.025
4.8956
4.9268
4.945
4.9552
4.9754
4.9051
5.1308
4.9623
4.8894
5.0435
5.0176
5.0049
4.9919
5.0098
4.9338
4.896
5.2189
4.9389
3.918
3.9391
3.2671
3.6396
3.2079
4.1358
3.7568
3.5654
3.2864
3.2376
3.2033
3.2683
4.0455
3.7297
3.7688
3.7209
3.7412
3.7149
3.6847
3.7132
3.8215
3.7326
3.738
3.7598
3.6866
5.7328
4.6646
4.3866
4.4175
4.3415
4.3376
4.3158
4.5232
4.7261
4.3988
4.4847
4.5709
4.4536
4.38
4.5234
4.3765
