15.2689
19.0253
17.7369
16.6808
16.8638
16.5077
16.8736
15.7146
15.0601
14.2205
13.3063
15.9015
13.545
12.6954
14.1889
13.4893
13.8588
13.1336
12.9242
13.338
12.1835
13.0071
12.4446
13.6833
13.5344
12.5523
12.546
19.3655
17.756
13.5926
13.2779
12.7647
11.8415
10.9911
10.5951
10.1707
9.8827
11.5423
10.6081
10.1065
10.8897
9.9535
9.6743
10.2828
9.7389
9.7083
10.134
9.92
9.6957
9.858
10.7823
9.8241
9.746
10.2521
10.2626
10.1906
10.771
10.5692
10.7779
10.2854
11.1986
9.9712
9.6259
10.631
9.6923
9.7377
10.3944
10.0685
9.737
9.6792
9.7973
9.8492
9.6966
10.5254
9.7738
9.4118
10.2111
9.953
9.9139
9.8023
11.1153
9.7083
9.9675
13.8722
10.054
11.3809
11.3282
11.1759
10.8701
11.3758
10.8195
10.2358
11.1374
9.8393
9.4392
10.2991
10.0058
9.7952
10.1545
9.7635
9.6807
9.7401
11.1146
9.851
9.9012
10.5676
9.8161
9.8288
10.8705
9.7165
9.776
9.8065
9.6171
10.244
10.1153
10.8407
9.6079
9.7159
10.3783
9.3108
10.303
9.985
9.68
10.0775
10.2553
11.1612
9.718
9.7837
10.639
9.72
9.5892
10.2582
9.7409
9.8824
9.6824
10.732
10.3278
9.9015
10.8509
9.8263
9.687
10.3352
9.6979
9.896
9.8043
11.1836
9.7975
9.8349
11.2448
9.7428
9.9102
10.4577
9.7174
9.6738
9.5843
10.8203
9.8204
9.7076
10.6014
9.6213
10.5749
11.5042
10.5779
10.4402
10.8269
10.3311
9.9445
9.8013
9.8357
9.8608
9.8081
10.7009
9.7037
9.9653
10.2796
9.7787
9.8687
9.7035
10.4727
9.7136
9.5567
10.5233
10.0787
9.6827
10.2881
9.6444
9.8556
9.5
10.8456
9.7916
9.7019
10.5468
9.6749
9.6941
9.934
9.719
9.9429
9.7115
10.907
9.6925
9.9534
10.473
9.7972
9.7456
10.2605
9.9123
9.9897
10.2704
11.152
10.3666
10.3223
11.0764
10.2479
9.7408
10.7374
9.9026
9.9544
10.313
9.719
9.785
9.6252
9.7281
9.6555
9.5403
10.3974
9.7172
9.7055
10.5568
9.7162
9.7514
9.9351
11.0568
10.1883
10.1751
10.8743
10.1106
9.8819
10.2876
10.067
9.9404
10.2106
10.1644
9.879
9.7914
10.8865
10.405
9.9923
10.7042
10.0342
9.7118
10.5941
9.5977
9.6795
9.6918
11.1862
9.6967
9.8611
10.6773
9.773
9.7529
10.5632
10.2309
9.8233
10.228
10.1673
9.8533
10.6833
10.0734
9.8313
9.6654
10.6472
9.8126
9.6747
10.2648
9.8586
9.759
9.8762
11.1903
9.6251
9.8161
10.8937
9.7654
9.7446
10.5043
9.766
9.6167
10.0192
9.6967
10.5424
9.8657
10.8529
9.9408
9.8142
10.472
9.802
9.735
10.0935
9.311
9.8214
9.9167
10.9055
9.7736
9.7264
10.679
9.5748
9.4484
9.6197
9.1551
9.2434
9.3401
10.9821
9.7241
9.742
10.1779
9.7669
9.5571
9.4163
10.5511
9.1459
9.4988
9.9941
9.1505
9.0331
9.5492
11.0389
9.7544
9.7842
10.58
9.7669
9.675
10.3912
9.8199
10.017
9.7534
10.8552
9.9229
9.9201
10.6973
9.941
9.8849
10.2926
9.9977
9.8876
10.2597
10.2853
10.3275
10.8576
10.646
10.3441
10.3121
11.0835
10.7048
10.5748
12.5243
11.399
10.9225
11.089
10.8006
10.8596
11.8919
10.9237
10.7059
13.1759
11.4963
12.1213
11.3444
11.5982
12.4973
11.6004
11.3796
12.5066
11.5472
11.6484
14.3006
11.4244
11.7737
12.0836
12.4156
13.6834
12.4661
12.297
14.3789
12.5338
13.2002
12.2754
6.2891
11.5094
11.2695
11.4014
12.1054
11.1992
11.1575
12.669
11.3415
11.7442
12.141
11.5083
11.4976
11.8085
11.89
11.7533
11.5449
11.6552
11.4947
11.4321
11.4374
12.9726
11.1545
11.7009
11.9
11.4029
11.4695
11.5138
11.1315
11.3265
11.4016
11.3168
11.3467
11.2106
10.7467
10.8767
10.2513
10.3722
9.9508
10.7815
9.6159
9.8053
10.4163
9.7376
9.5348
9.7945
9.9323
9.7875
9.7943
10.6646
9.9697
10.0169
10.1194
10.5503
10.3477
10.9088
11.0105
11.3377
11.5421
10.5301
10.3556
10.6137
10.4251
10.4343
10.5941
12.7893
11.0779
11.5151
11.6568
11.7137
11.9718
11.6713
11.3284
12.3848
11.3789
11.5247
12.1836
11.6536
11.4425
11.3073
11.8611
12.3752
12.4718
11.9105
11.4774
11.1796
10.9915
11.9779
11.3282
11.2735
11.8439
11.3472
11.7324
11.8078
11.4562
11.3264
12.1594
12.3332
12.3741
12.1544
12.0839
11.7328
11.0801
11.2398
11.1367
10.3601
10.3152
11.3323
10.7008
10.6957
10.762
10.2283
10.1541
10.2251
9.7158
9.7589
9.7248
10.9698
9.6817
9.975
10.3904
9.8998
9.6844
10.2076
9.6521
9.6493
9.6995
10.862
9.7997
9.6072
10.7751
9.7973
9.6593
10.3786
9.5657
9.8608
9.5289
10.8702
9.7037
9.7876
10.5232
9.7793
9.7278
10.1543
9.6482
9.8585
10.5139
9.9157
9.9474
11.5607
13.9189
13.9234
13.4619
13.3059
11.9933
11.5172
11.0795
10.6063
11.0316
10.2588
9.7966
10.7988
9.7898
9.8218
10.4358
9.7391
9.8007
9.8167
10.1159
9.7184
9.7897
10.4139
9.619
9.7621
10.1203
9.8085
9.8468
9.8668
11.1042
9.7481
9.5652
10.645
9.5716
9.6158
10.2146
9.8197
9.715
9.8701
11.3701
10.5311
10.5869
12.1125
10.8569
11.2127
11.7437
10.84
10.8588
8.4121
8.1653
7.4176
7.5572
8.2178
6.6185
7.2448
6.9766
7.197
7.3
7.265
7.3388
6.9786
8.8497
6.8704
7.1458
6.9216
6.7795
10.2848
11.6226
11.6554
11.2965
10.9645
11.0033
11.5429
10.3354
10.3748
11.3446
10.6632
10.4023
11.4308
10.6328
11.22
11.6666
11.8089
11.6194
11.5813
11.5519
14.591
17.543
13.3446
11.8746
11.6457
11.515
11.8765
9.258
7.21
6.6955
6.544
6.3767
6.3915
6.0998
6.1029
7.5414
6.8924
6.1674
6.4059
6.4818
6.3347
6.4617
6.1862
6.1573
6.5256
6.4572
6.3491
6.7812
7.4065
6.2104
6.2
5.9173
6.2304
5.9788
5.9021
7.9357
6.6927
7.8328
7.7669
8.8582
15.8947
11.1522
11.0785
10.4061
10.8569
10.7976
10.4493
10.0403
10.3224
9.7904
10.0255
9.7818
10.7439
9.7524
9.7099
10.2107
9.6297
9.5472
9.8102
10.8731
9.7799
9.7038
10.542
10.7053
10.3204
10.8294
10.6779
10.549
11.2634
11.6447
12.2438
12.2031
11.3093
11.3971
11.72
11.1909
11.2609
11.6402
9.8673
6.5951
5.8744
7.5009
6.4621
6.3077
6.7644
6.9285
7.3463
6.4711
6.7974
7.0943
8.1407
9.3631
11.8323
12.0521
12.8691
12.3721
13.9458
14.7716
14.1304
13.8332
13.6309
15.5289
13.6442
14.1846
13.3925
12.5948
12.1483
11.1966
11.326
11.2902
11.4156
12.5457
12.6351
13.3409
11.8517
11.5163
11.3901
11.4091
11.1785
10.8686
9.8637
8.9898
9.3156
10.7685
11.1433
10.9652
11.348
10.5097
10.3625
10.4342
9.8617
9.8181
9.9953
10.5431
10.4178
10.3251
11.2182
10.5499
10.6098
11.3096
10.3092
9.7893
11.0619
10.2447
10.5466
10.9764
10.4811
10.2837
10.7252
10.4015
10.671
10.8979
10.3656
10.4308
10.5437
11.0774
11.6333
11.1726
11.2232
11.0943
11.4981
11.2009
10.9911
11.296
11.1469
10.8831
10.6728
11.1254
11.2163
11.2996
10.8311
10.4063
10.6063
10.4216
10.5865
10.4834
11.5429
11.2862
10.5273
11.1793
