0.9803
0.9972
1.0109
0.9617
1.0023
1.0005
1.017
1.0217
1.098
22.5434
1.0671
1.0128
1.044
0.9805
0.958
1.0078
0.9931
1.0176
1.5186
1.0067
1.0138
0.9688
1.0593
1.0071
0.9722
1.0035
1.0339
0.9486
1.003
1.0567
1.1458
1.1411
1.1453
1.1663
1.3231
3.1897
1.0262
0.9965
0.9864
1.5888
1.043
1.1081
0.9375
1.0437
1.1996
1.2316
2.9471
0.991
15.8555
1.2942
1.1939
1.4079
1.28
1.2205
1.3895
1.3587
1.4018
1.3536
1.467
1.5908
1.4829
1.632
1.4999
1.7473
2.0147
8.2299
11.7235
2.1479
9.177
7.7255
2.1911
2.2778
2.4709
2.201
2.2607
2.2551
2.2563
2.2223
2.1859
2.2009
2.2047
2.2111
2.3389
3.2143
2.2501
2.224
2.1843
2.1771
2.2236
31.1317
2.2596
6.4903
6.1157
6.7562
2.3442
2.264
2.4942
7.9963
2.3229
2.3759
2.3296
2.3859
8.033
2.4563
2.3218
6.8589
2.3839
3.3122
2.3626
2.5107
4.823
5.9293
2.3747
2.2699
2.2809
2.3486
2.3289
2.5246
2.4394
2.3138
2.2836
2.287
10.4775
9.4421
2.5986
2.3457
13.0908
2.3568
35.0783
2.3673
2.3276
2.2673
2.3101
15.1875
2.299
2.4651
2.2936
2.4189
2.3134
4.3507
2.5254
2.3643
2.3304
2.3149
3.5238
2.3595
2.4589
2.378
2.3224
3.6915
2.4606
2.4076
2.3781
2.3496
2.4746
3.4463
2.5167
2.6344
2.5266
2.3976
4.3615
2.4581
2.6961
2.4728
2.4439
2.5243
2.6773
4.4024
3.0617
3.2244
4.6308
4.1586
5.6118
3.4704
4.4034
4.7771
4.7388
3.9655
4.695
5.0995
4.0718
4.8967
5.4481
5.9497
4.2222
3.9109
5.3635
4.7964
4.7918
6.3517
4.5644
4.4844
7.0335
4.2727
3.9839
6.6031
4.0259
6.4581
5.0206
5.3823
5.073
3.8742
3.7646
4.816
3.7675
2.8023
2.5019
3.573
2.4913
2.8358
3.5043
4.2404
1.9942
1.9869
2.4382
1.66
1.5664
1.6393
3.2183
1.6989
1.6382
3.0677
1.6728
1.9883
2.8252
1.9266
2.5673
2.7418
2.1854
2.7289
2.7411
1.9753
3.5624
1.9667
1.8618
3.8211
2.0348
2.6601
3.5443
2.0881
3.3786
1.7549
2.2724
2.8479
2.0701
2.9091
2.2586
1.5576
1.6414
1.7115
1.5238
1.5312
1.4752
1.6073
1.5228
1.4745
2.0962
1.5319
1.5155
1.5633
1.4962
1.4629
1.4559
1.4465
1.4796
1.485
1.4231
1.4446
1.4769
1.3324
1.4833
1.3464
1.4124
1.3725
1.3907
1.4477
1.3753
1.431
1.4869
1.4244
1.5182
1.6733
1.5747
1.3871
1.4139
1.3734
1.3919
1.4026
1.4158
1.452
2.0573
1.4711
1.448
1.4718
1.3741
1.401
1.3715
1.3419
1.2711
1.3527
