7.1666
1.0525
3.2703
3.3971
1.7866
5.7094
2.4612
5.0794
2.5182
2.0167
1.7436
1.1589
2.4348
1.1795
3.323
1.2125
4.6783
1.1574
6.6842
2.4675
2.0723
1.1962
1.1857
6.8437
7.278
1.0398
6.6156
2.8705
3.8564
5.1692
1.2353
1.1972
1.1777
1.1743
1.1779
1.2131
1.1844
1.2257
1.1854
1.1816
12.9
1.2519
1.2275
1.2354
1.2735
1.29
7.2658
1.2498
1.2324
1.3115
1.3918
1.2805
1.2531
1.3147
1.3425
1.9977
2.4758
1.2947
1.2456
1.2549
1.301
1.2723
1.3523
1.2912
1.29
1.3494
1.2871
13.1738
1.3381
1.3791
1.5727
4.7794
1.5109
1.3584
1.3171
1.3744
1.3684
13.287
2.3325
6.0444
3.2577
1.5713
10.3178
4.0299
5.1757
1.7019
5.027
3.4505
1.8258
8.8402
1.6825
1.8412
1.7168
15.5608
2.9073
1.8855
1.7259
1.7019
1.7076
1.7289
6.6653
2.8135
1.822
1.7066
5.3103
6.7513
4.3083
1.8676
5.5708
1.9382
7.0489
1.3761
1.3861
1.3923
1.1694
3.6787
1.1272
1.1059
1.0846
1.0714
1.0136
0.9722
0.9325
0.8756
0.9326
0.9843
1.0101
4.0345
1.9051
2.1468
1.4808
1.484
1.1679
0.8737
1.7436
0.9469
0.8091
0.8873
0.782
0.8698
0.9307
8.441
0.8636
0.8612
1.1046
0.8693
5.3487
1.4742
0.7641
1.864
1.5835
1.5377
1.4087
1.3092
1.3158
0.688
1.6213
1.7594
0.8049
2.0533
1.1868
1.5016
0.7591
1.7064
0.7497
1.3802
0.7511
1.946
0.7258
1.7067
1.5996
1.125
1.8604
2.1202
2.011
1.2616
1.2542
1.0746
1.4111
2.4099
1.0318
1.013
0.9295
0.984
1.0052
0.933
0.955
0.9744
0.981
1.0356
0.9726
0.9719
0.9609
0.9995
1.2577
0.9518
0.9889
1.0152
0.9444
11.6305
1.0332
0.9864
1.0075
1.0086
1.0718
1.4682
1.0354
1.0347
0.975
1.0394
1.0169
1.0298
0.9402
1.0113
0.9683
0.9692
0.9362
0.9825
1.0199
1.003
28.8352
1.0167
13.1402
0.9465
3.1697
1.1042
1.1697
1.0946
1.2545
1.1184
1.3221
1.1533
1.7381
1.1386
1.1629
1.1716
26.5467
1.9566
1.9891
5.4421
2.0494
2.1982
2.1626
6.5177
2.9443
2.0733
5.3085
2.2823
48.9744
2.1844
2.2066
2.1463
2.2263
2.183
2.1823
2.3905
2.1906
2.1965
2.2625
2.2277
8.8159
6.2946
7.4608
13.0391
2.2925
14.013
2.3343
10.3572
2.3718
15.3735
4.6736
29.3183
2.3159
2.2588
6.0093
2.3118
2.3336
10.8425
2.3377
2.3799
2.4815
7.1337
2.3802
2.3578
2.2944
2.284
2.3588
2.2967
2.28
2.2999
2.3324
2.3835
2.2985
2.4365
2.3082
13.9588
3.3518
2.4078
2.3312
2.3491
